=== Run information ===

Scheme:weka.classifiers.lazy.IBk -K 5 -W 0 -A "weka.core.neighboursearch.LinearNNSearch -A \"weka.core.EuclideanDistance -R first-last\""
Relation:     TreinoKnn
Instances:    650
Attributes:   87
              0
              1
              2
              3
              4
              5
              6
              7
              8
              9
              10
              11
              12
              13
              14
              15
              16
              17
              18
              19
              20
              21
              22
              23
              24
              25
              26
              27
              28
              29
              30
              31
              32
              33
              34
              35
              36
              37
              38
              39
              40
              41
              42
              43
              44
              45
              46
              47
              48
              49
              50
              51
              52
              53
              54
              55
              56
              57
              58
              59
              60
              61
              62
              63
              64
              65
              66
              67
              68
              69
              70
              71
              72
              73
              74
              75
              76
              77
              78
              79
              80
              81
              82
              83
              84
              85
              class
Test mode:user supplied test set: size unknown (reading incrementally)

=== Classifier model (full training set) ===

IB1 instance-based classifier
using 5 nearest neighbour(s) for classification


Time taken to build model: 0 seconds

=== Evaluation on test set ===
=== Summary ===

Correctly Classified Instances         527               81.9596 %
Incorrectly Classified Instances       116               18.0404 %
Kappa statistic                          0.8124
Mean absolute error                      0.0234
Root mean squared error                  0.1036
Relative absolute error                 31.6337 %
Root relative squared error             53.8482 %
Total Number of Instances              643     

=== Detailed Accuracy By Class ===

               TP Rate   FP Rate   Precision   Recall  F-Measure   ROC Area  Class
                 0.92      0.003      0.92      0.92      0.92       0.999    1
                 0.92      0.01       0.793     0.92      0.852      0.976    2
                 0.72      0.006      0.818     0.72      0.766      0.972    3
                 0.72      0.008      0.783     0.72      0.75       0.988    4
                 0.92      0.016      0.697     0.92      0.793      0.994    5
                 0.96      0.006      0.857     0.96      0.906      0.998    6
                 0.6       0.011      0.682     0.6       0.638      0.906    7
                 0.92      0.01       0.793     0.92      0.852      0.995    8
                 0.88      0.011      0.759     0.88      0.815      0.997    9
                 0.833     0          1         0.833     0.909      0.998    10
                 0.76      0          1         0.76      0.864      0.998    11
                 0.8       0.002      0.952     0.8       0.87       0.958    12
                 0.96      0.015      0.727     0.96      0.828      0.993    13
                 0.52      0.003      0.867     0.52      0.65       0.972    14
                 0.792     0.018      0.633     0.792     0.704      0.973    15
                 0.667     0.008      0.762     0.667     0.711      0.95     16
                 0.72      0          1         0.72      0.837      0.938    17
                 1         0.01       0.806     1         0.893      0.998    18
                 0.8       0.006      0.833     0.8       0.816      0.956    19
                 1         0          1         1         1          1        20
                 0.88      0.021      0.629     0.88      0.733      0.953    21
                 0.333     0.008      0.615     0.333     0.432      0.962    22
                 0.92      0.008      0.821     0.92      0.868      0.999    23
                 0.92      0.005      0.885     0.92      0.902      0.999    24
                 0.957     0          1         0.957     0.978      1        25
                 0.88      0.002      0.957     0.88      0.917      0.979    26
Weighted Avg.    0.82      0.007      0.83      0.82      0.815      0.979

=== Confusion Matrix ===

  a  b  c  d  e  f  g  h  i  j  k  l  m  n  o  p  q  r  s  t  u  v  w  x  y  z   <-- classified as
 23  0  0  1  0  0  0  0  0  0  0  1  0  0  0  0  0  0  0  0  0  0  0  0  0  0 |  a = 1
  0 23  0  1  0  0  1  0  0  0  0  0  0  0  0  0  0  0  0  0  0  0  0  0  0  0 |  b = 2
  1  4 18  0  1  0  1  0  0  0  0  0  0  0  0  0  0  0  0  0  0  0  0  0  0  0 |  c = 3
  0  2  2 18  0  1  2  0  0  0  0  0  0  0  0  0  0  0  0  0  0  0  0  0  0  0 |  d = 4
  0  0  0  0 23  0  1  0  1  0  0  0  0  0  0  0  0  0  0  0  0  0  0  0  0  0 |  e = 5
  0  0  0  1  0 24  0  0  0  0  0  0  0  0  0  0  0  0  0  0  0  0  0  0  0  0 |  f = 6
  1  0  0  1  6  2 15  0  0  0  0  0  0  0  0  0  0  0  0  0  0  0  0  0  0  0 |  g = 7
  0  0  0  0  0  0  1 23  1  0  0  0  0  0  0  0  0  0  0  0  0  0  0  0  0  0 |  h = 8
  0  0  0  1  0  0  1  1 22  0  0  0  0  0  0  0  0  0  0  0  0  0  0  0  0  0 |  i = 9
  0  0  0  0  0  0  0  3  1 20  0  0  0  0  0  0  0  0  0  0  0  0  0  0  0  0 |  j = 10
  0  0  2  0  0  0  0  2  2  0 19  0  0  0  0  0  0  0  0  0  0  0  0  0  0  0 |  k = 11
  0  0  0  0  3  0  0  0  2  0  0 20  0  0  0  0  0  0  0  0  0  0  0  0  0  0 |  l = 12
  0  0  0  0  0  0  0  0  0  0  0  0 24  1  0  0  0  0  0  0  0  0  0  0  0  0 |  m = 13
  0  0  0  0  0  0  0  0  0  0  0  0  9 13  3  0  0  0  0  0  0  0  0  0  0  0 |  n = 14
  0  0  0  0  0  1  0  0  0  0  0  0  0  1 19  3  0  0  0  0  0  0  0  0  0  0 |  o = 15
  0  0  0  0  0  0  0  0  0  0  0  0  0  0  6 16  0  0  2  0  0  0  0  0  0  0 |  p = 16
  0  0  0  0  0  0  0  0  0  0  0  0  0  0  2  2 18  1  2  0  0  0  0  0  0  0 |  q = 17
  0  0  0  0  0  0  0  0  0  0  0  0  0  0  0  0  0 25  0  0  0  0  0  0  0  0 |  r = 18
  0  0  0  0  0  0  0  0  0  0  0  0  0  0  0  0  0  5 20  0  0  0  0  0  0  0 |  s = 19
  0  0  0  0  0  0  0  0  0  0  0  0  0  0  0  0  0  0  0 24  0  0  0  0  0  0 |  t = 20
  0  0  0  0  0  0  0  0  0  0  0  0  0  0  0  0  0  0  0  0 22  3  0  0  0  0 |  u = 21
  0  0  0  0  0  0  0  0  0  0  0  0  0  0  0  0  0  0  0  0 13  8  3  0  0  0 |  v = 22
  0  0  0  0  0  0  0  0  0  0  0  0  0  0  0  0  0  0  0  0  0  2 23  0  0  0 |  w = 23
  0  0  0  0  0  0  0  0  0  0  0  0  0  0  0  0  0  0  0  0  0  0  1 23  0  1 |  x = 24
  0  0  0  0  0  0  0  0  0  0  0  0  0  0  0  0  0  0  0  0  0  0  0  1 22  0 |  y = 25
  0  0  0  0  0  0  0  0  0  0  0  0  0  0  0  0  0  0  0  0  0  0  1  2  0 22 |  z = 26

