=== Run information ===

Scheme:weka.classifiers.lazy.IBk -K 2 -W 0 -A "weka.core.neighboursearch.LinearNNSearch -A \"weka.core.EuclideanDistance -R first-last\""
Relation:     TreinoKnn
Instances:    650
Attributes:   87
              0
              1
              2
              3
              4
              5
              6
              7
              8
              9
              10
              11
              12
              13
              14
              15
              16
              17
              18
              19
              20
              21
              22
              23
              24
              25
              26
              27
              28
              29
              30
              31
              32
              33
              34
              35
              36
              37
              38
              39
              40
              41
              42
              43
              44
              45
              46
              47
              48
              49
              50
              51
              52
              53
              54
              55
              56
              57
              58
              59
              60
              61
              62
              63
              64
              65
              66
              67
              68
              69
              70
              71
              72
              73
              74
              75
              76
              77
              78
              79
              80
              81
              82
              83
              84
              85
              class
Test mode:user supplied test set: size unknown (reading incrementally)

=== Classifier model (full training set) ===

IB1 instance-based classifier
using 2 nearest neighbour(s) for classification


Time taken to build model: 0 seconds

=== Evaluation on test set ===
=== Summary ===

Correctly Classified Instances         487               75.7387 %
Incorrectly Classified Instances       156               24.2613 %
Kappa statistic                          0.7477
Mean absolute error                      0.0192
Root mean squared error                  0.1113
Relative absolute error                 25.9842 %
Root relative squared error             57.8549 %
Total Number of Instances              643     

=== Detailed Accuracy By Class ===

               TP Rate   FP Rate   Precision   Recall  F-Measure   ROC Area  Class
                 1         0.008      0.833     1         0.909      1        1
                 0.92      0.013      0.742     0.92      0.821      0.977    2
                 0.76      0.023      0.576     0.76      0.655      0.915    3
                 0.56      0.008      0.737     0.56      0.636      0.914    4
                 0.84      0.019      0.636     0.84      0.724      0.973    5
                 0.76      0.002      0.95      0.76      0.844      0.998    6
                 0.48      0.015      0.571     0.48      0.522      0.812    7
                 0.92      0.023      0.622     0.92      0.742      0.975    8
                 0.76      0.015      0.679     0.76      0.717      0.991    9
                 0.417     0.002      0.909     0.417     0.571      0.955    10
                 0.68      0.002      0.944     0.68      0.791      0.939    11
                 0.76      0.003      0.905     0.76      0.826      0.899    12
                 0.96      0.019      0.667     0.96      0.787      0.991    13
                 0.44      0.003      0.846     0.44      0.579      0.816    14
                 0.875     0.018      0.656     0.875     0.75       0.972    15
                 0.625     0.006      0.789     0.625     0.698      0.912    16
                 0.6       0.008      0.75      0.6       0.667      0.838    17
                 0.96      0.008      0.828     0.96      0.889      0.977    18
                 0.72      0.005      0.857     0.72      0.783      0.935    19
                 1         0.002      0.96      1         0.98       0.999    20
                 0.8       0.032      0.5       0.8       0.615      0.887    21
                 0.208     0.008      0.5       0.208     0.294      0.763    22
                 0.88      0.005      0.88      0.88      0.88       0.998    23
                 0.96      0.005      0.889     0.96      0.923      0.98     24
                 0.957     0          1         0.957     0.978      1        25
                 0.84      0.002      0.955     0.84      0.894      0.979    26
Weighted Avg.    0.757     0.01       0.776     0.757     0.749      0.938

=== Confusion Matrix ===

  a  b  c  d  e  f  g  h  i  j  k  l  m  n  o  p  q  r  s  t  u  v  w  x  y  z   <-- classified as
 25  0  0  0  0  0  0  0  0  0  0  0  0  0  0  0  0  0  0  0  0  0  0  0  0  0 |  a = 1
  2 23  0  0  0  0  0  0  0  0  0  0  0  0  0  0  0  0  0  0  0  0  0  0  0  0 |  b = 2
  1  4 19  0  0  0  1  0  0  0  0  0  0  0  0  0  0  0  0  0  0  0  0  0  0  0 |  c = 3
  1  1  7 14  0  0  2  0  0  0  0  0  0  0  0  0  0  0  0  0  0  0  0  0  0  0 |  d = 4
  0  0  2  1 21  0  1  0  0  0  0  0  0  0  0  0  0  0  0  0  0  0  0  0  0  0 |  e = 5
  0  2  0  3  1 19  0  0  0  0  0  0  0  0  0  0  0  0  0  0  0  0  0  0  0  0 |  f = 6
  1  0  2  1  9  0 12  0  0  0  0  0  0  0  0  0  0  0  0  0  0  0  0  0  0  0 |  g = 7
  0  0  0  0  0  0  1 23  1  0  0  0  0  0  0  0  0  0  0  0  0  0  0  0  0  0 |  h = 8
  0  0  1  0  0  0  3  2 19  0  0  0  0  0  0  0  0  0  0  0  0  0  0  0  0  0 |  i = 9
  0  0  0  0  0  0  0 10  4 10  0  0  0  0  0  0  0  0  0  0  0  0  0  0  0  0 |  j = 10
  0  1  2  0  0  0  0  2  2  1 17  0  0  0  0  0  0  0  0  0  0  0  0  0  0  0 |  k = 11
  0  0  0  0  2  0  1  0  2  0  1 19  0  0  0  0  0  0  0  0  0  0  0  0  0  0 |  l = 12
  0  0  0  0  0  0  0  0  0  0  0  1 24  0  0  0  0  0  0  0  0  0  0  0  0  0 |  m = 13
  0  0  0  0  0  0  0  0  0  0  0  1 12 11  1  0  0  0  0  0  0  0  0  0  0  0 |  n = 14
  0  0  0  0  0  1  0  0  0  0  0  0  0  1 21  1  0  0  0  0  0  0  0  0  0  0 |  o = 15
  0  0  0  0  0  0  0  0  0  0  0  0  0  1  6 15  2  0  0  0  0  0  0  0  0  0 |  p = 16
  0  0  0  0  0  0  0  0  0  0  0  0  0  0  4  3 15  1  2  0  0  0  0  0  0  0 |  q = 17
  0  0  0  0  0  0  0  0  0  0  0  0  0  0  0  0  0 24  0  1  0  0  0  0  0  0 |  r = 18
  0  0  0  0  0  0  0  0  0  0  0  0  0  0  0  0  3  4 18  0  0  0  0  0  0  0 |  s = 19
  0  0  0  0  0  0  0  0  0  0  0  0  0  0  0  0  0  0  0 24  0  0  0  0  0  0 |  t = 20
  0  0  0  0  0  0  0  0  0  0  0  0  0  0  0  0  0  0  0  0 20  4  1  0  0  0 |  u = 21
  0  0  0  0  0  0  0  0  0  0  0  0  0  0  0  0  0  0  1  0 18  5  0  0  0  0 |  v = 22
  0  0  0  0  0  0  0  0  0  0  0  0  0  0  0  0  0  0  0  0  2  1 22  0  0  0 |  w = 23
  0  0  0  0  0  0  0  0  0  0  0  0  0  0  0  0  0  0  0  0  0  0  0 24  0  1 |  x = 24
  0  0  0  0  0  0  0  0  0  0  0  0  0  0  0  0  0  0  0  0  0  0  0  1 22  0 |  y = 25
  0  0  0  0  0  0  0  0  0  0  0  0  0  0  0  0  0  0  0  0  0  0  2  2  0 21 |  z = 26

