=== Run information ===

Scheme:weka.classifiers.lazy.IBk -K 1 -W 0 -A "weka.core.neighboursearch.LinearNNSearch -A \"weka.core.EuclideanDistance -R first-last\""
Relation:     TreinoKnn
Instances:    650
Attributes:   87
              0
              1
              2
              3
              4
              5
              6
              7
              8
              9
              10
              11
              12
              13
              14
              15
              16
              17
              18
              19
              20
              21
              22
              23
              24
              25
              26
              27
              28
              29
              30
              31
              32
              33
              34
              35
              36
              37
              38
              39
              40
              41
              42
              43
              44
              45
              46
              47
              48
              49
              50
              51
              52
              53
              54
              55
              56
              57
              58
              59
              60
              61
              62
              63
              64
              65
              66
              67
              68
              69
              70
              71
              72
              73
              74
              75
              76
              77
              78
              79
              80
              81
              82
              83
              84
              85
              class
Test mode:user supplied test set: size unknown (reading incrementally)

=== Classifier model (full training set) ===

IB1 instance-based classifier
using 1 nearest neighbour(s) for classification


Time taken to build model: 0 seconds

=== Evaluation on test set ===
=== Summary ===

Correctly Classified Instances         515               80.0933 %
Incorrectly Classified Instances       128               19.9067 %
Kappa statistic                          0.793 
Mean absolute error                      0.0176
Root mean squared error                  0.1216
Relative absolute error                 23.7528 %
Root relative squared error             63.215  %
Total Number of Instances              643     

=== Detailed Accuracy By Class ===

               TP Rate   FP Rate   Precision   Recall  F-Measure   ROC Area  Class
                 0.96      0.003      0.923     0.96      0.941      0.978    1
                 0.88      0.006      0.846     0.88      0.863      0.937    2
                 0.8       0.01       0.769     0.8       0.784      0.895    3
                 0.64      0.005      0.842     0.64      0.727      0.818    4
                 0.92      0.013      0.742     0.92      0.821      0.954    5
                 0.96      0.006      0.857     0.96      0.906      0.977    6
                 0.56      0.013      0.636     0.56      0.596      0.774    7
                 0.88      0.008      0.815     0.88      0.846      0.936    8
                 0.76      0.016      0.655     0.76      0.704      0.872    9
                 0.792     0.005      0.864     0.792     0.826      0.893    10
                 0.8       0.002      0.952     0.8       0.87       0.899    11
                 0.76      0.003      0.905     0.76      0.826      0.878    12
                 0.92      0.013      0.742     0.92      0.821      0.954    13
                 0.56      0.003      0.875     0.56      0.683      0.778    14
                 0.875     0.016      0.677     0.875     0.764      0.929    15
                 0.667     0.008      0.762     0.667     0.711      0.829    16
                 0.68      0.005      0.85      0.68      0.756      0.838    17
                 0.92      0.006      0.852     0.92      0.885      0.957    18
                 0.76      0.011      0.731     0.76      0.745      0.874    19
                 1         0.002      0.96      1         0.98       0.999    20
                 0.68      0.031      0.472     0.68      0.557      0.825    21
                 0.292     0.008      0.583     0.292     0.389      0.642    22
                 0.92      0.008      0.821     0.92      0.868      0.956    23
                 0.92      0          1         0.92      0.958      0.96     24
                 1         0.002      0.958     1         0.979      0.999    25
                 0.92      0.003      0.92      0.92      0.92       0.958    26
Weighted Avg.    0.801     0.008      0.808     0.801     0.797      0.896

=== Confusion Matrix ===

  a  b  c  d  e  f  g  h  i  j  k  l  m  n  o  p  q  r  s  t  u  v  w  x  y  z   <-- classified as
 24  0  0  1  0  0  0  0  0  0  0  0  0  0  0  0  0  0  0  0  0  0  0  0  0  0 |  a = 1
  2 22  0  0  0  1  0  0  0  0  0  0  0  0  0  0  0  0  0  0  0  0  0  0  0  0 |  b = 2
  0  2 20  1  1  0  1  0  0  0  0  0  0  0  0  0  0  0  0  0  0  0  0  0  0  0 |  c = 3
  0  0  4 16  0  2  3  0  0  0  0  0  0  0  0  0  0  0  0  0  0  0  0  0  0  0 |  d = 4
  0  0  0  0 23  0  1  0  1  0  0  0  0  0  0  0  0  0  0  0  0  0  0  0  0  0 |  e = 5
  0  1  0  0  0 24  0  0  0  0  0  0  0  0  0  0  0  0  0  0  0  0  0  0  0  0 |  f = 6
  0  0  0  1  6  1 14  0  2  0  0  1  0  0  0  0  0  0  0  0  0  0  0  0  0  0 |  g = 7
  0  0  0  0  0  0  0 22  1  2  0  0  0  0  0  0  0  0  0  0  0  0  0  0  0  0 |  h = 8
  0  0  1  0  0  0  2  2 19  1  0  0  0  0  0  0  0  0  0  0  0  0  0  0  0  0 |  i = 9
  0  0  0  0  0  0  0  2  3 19  0  0  0  0  0  0  0  0  0  0  0  0  0  0  0  0 |  j = 10
  0  1  1  0  0  0  0  1  1  0 20  1  0  0  0  0  0  0  0  0  0  0  0  0  0  0 |  k = 11
  0  0  0  0  1  0  1  0  2  0  1 19  0  1  0  0  0  0  0  0  0  0  0  0  0  0 |  l = 12
  0  0  0  0  0  0  0  0  0  0  0  0 23  1  1  0  0  0  0  0  0  0  0  0  0  0 |  m = 13
  0  0  0  0  0  0  0  0  0  0  0  0  8 14  1  1  0  0  1  0  0  0  0  0  0  0 |  n = 14
  0  0  0  0  0  0  0  0  0  0  0  0  0  0 21  3  0  0  0  0  0  0  0  0  0  0 |  o = 15
  0  0  0  0  0  0  0  0  0  0  0  0  0  0  5 16  2  0  1  0  0  0  0  0  0  0 |  p = 16
  0  0  0  0  0  0  0  0  0  0  0  0  0  0  3  1 17  0  4  0  0  0  0  0  0  0 |  q = 17
  0  0  0  0  0  0  0  0  0  0  0  0  0  0  0  0  0 23  1  1  0  0  0  0  0  0 |  r = 18
  0  0  0  0  0  0  0  0  0  0  0  0  0  0  0  0  1  4 19  0  0  0  1  0  0  0 |  s = 19
  0  0  0  0  0  0  0  0  0  0  0  0  0  0  0  0  0  0  0 24  0  0  0  0  0  0 |  t = 20
  0  0  0  0  0  0  0  0  0  0  0  0  0  0  0  0  0  0  0  0 17  5  3  0  0  0 |  u = 21
  0  0  0  0  0  0  0  0  0  0  0  0  0  0  0  0  0  0  0  0 17  7  0  0  0  0 |  v = 22
  0  0  0  0  0  0  0  0  0  0  0  0  0  0  0  0  0  0  0  0  2  0 23  0  0  0 |  w = 23
  0  0  0  0  0  0  0  0  0  0  0  0  0  0  0  0  0  0  0  0  0  0  0 23  0  2 |  x = 24
  0  0  0  0  0  0  0  0  0  0  0  0  0  0  0  0  0  0  0  0  0  0  0  0 23  0 |  y = 25
  0  0  0  0  0  0  0  0  0  0  0  0  0  0  0  0  0  0  0  0  0  0  1  0  1 23 |  z = 26
