=== Run information ===

Scheme:weka.classifiers.bayes.NaiveBayes 
Relation:     TreinoKnn
Instances:    650
Attributes:   87
              0
              1
              2
              3
              4
              5
              6
              7
              8
              9
              10
              11
              12
              13
              14
              15
              16
              17
              18
              19
              20
              21
              22
              23
              24
              25
              26
              27
              28
              29
              30
              31
              32
              33
              34
              35
              36
              37
              38
              39
              40
              41
              42
              43
              44
              45
              46
              47
              48
              49
              50
              51
              52
              53
              54
              55
              56
              57
              58
              59
              60
              61
              62
              63
              64
              65
              66
              67
              68
              69
              70
              71
              72
              73
              74
              75
              76
              77
              78
              79
              80
              81
              82
              83
              84
              85
              class
Test mode:user supplied test set: size unknown (reading incrementally)

=== Classifier model (full training set) ===

Naive Bayes Classifier

                  Class
Attribute             1        2        3        4        5        6        7        8        9       10       11       12       13       14       15       16       17       18       19       20       21       22       23       24       25       26
                 (0.04)   (0.04)   (0.04)   (0.04)   (0.04)   (0.04)   (0.04)   (0.04)   (0.04)   (0.04)   (0.04)   (0.04)   (0.04)   (0.04)   (0.04)   (0.04)   (0.04)   (0.04)   (0.04)   (0.04)   (0.04)   (0.04)   (0.04)   (0.04)   (0.04)   (0.04)
=========================================================================================================================================================================================================================================================
0
  mean                 1        2        3        4        5        6        7        8        9       10       11       12       13       14       15       16       17       18       19       20       21       22       23       24       25       26
  std. dev.       0.1667   0.1667   0.1667   0.1667   0.1667   0.1667   0.1667   0.1667   0.1667   0.1667   0.1667   0.1667   0.1667   0.1667   0.1667   0.1667   0.1667   0.1667   0.1667   0.1667   0.1667   0.1667   0.1667   0.1667   0.1667   0.1667
  weight sum          25       25       25       25       25       25       25       25       25       25       25       25       25       25       25       25       25       25       25       25       25       25       25       25       25       25
  precision            1        1        1        1        1        1        1        1        1        1        1        1        1        1        1        1        1        1        1        1        1        1        1        1        1        1

1
  mean           -0.0587  -0.0688  -0.1438  -0.2107  -0.2303  -0.1382  -0.1854  -0.0534  -0.1264  -0.0823    0.117  -0.0809  -0.1814  -0.3297  -0.3436  -0.2981  -0.3497  -0.2652  -0.3895  -0.2987  -0.2733  -0.2203  -0.1732  -0.1128  -0.2843  -0.3036
  std. dev.       0.1804   0.2194   0.2378   0.2023   0.2927   0.1885   0.2162   0.1614   0.1669   0.2053   0.1359   0.1753   0.1452   0.2211   0.1811   0.1963    0.281   0.1443   0.2019   0.1433   0.1994   0.1663     0.19   0.1082   0.1503   0.1691
  weight sum          25       25       25       25       25       25       25       25       25       25       25       25       25       25       25       25       25       25       25       25       25       25       25       25       25       25
  precision       0.0019   0.0019   0.0019   0.0019   0.0019   0.0019   0.0019   0.0019   0.0019   0.0019   0.0019   0.0019   0.0019   0.0019   0.0019   0.0019   0.0019   0.0019   0.0019   0.0019   0.0019   0.0019   0.0019   0.0019   0.0019   0.0019

2
  mean           -0.2904  -0.4096  -0.4037  -0.4417  -0.4065  -0.5222   -0.492  -0.5966  -0.4464  -0.5406  -0.4903   -0.468  -0.3912  -0.3714  -0.4772  -0.5152  -0.3033   -0.506  -0.4183  -0.5636  -0.4392  -0.4244  -0.4144  -0.6518  -0.3845   -0.518
  std. dev.       0.1004   0.1258   0.1099   0.0859   0.0305    0.063   0.0367   0.0376   0.0658    0.061   0.0741   0.0482   0.0381   0.0682   0.0322   0.0411   0.0999   0.0565   0.0421   0.0261   0.0395   0.0611   0.0575   0.0552    0.051   0.0391
  weight sum          25       25       25       25       25       25       25       25       25       25       25       25       25       25       25       25       25       25       25       25       25       25       25       25       25       25
  precision        0.001    0.001    0.001    0.001    0.001    0.001    0.001    0.001    0.001    0.001    0.001    0.001    0.001    0.001    0.001    0.001    0.001    0.001    0.001    0.001    0.001    0.001    0.001    0.001    0.001    0.001

3
  mean            0.5622   0.5287   0.5281   0.5783    0.593   0.5629    0.602    0.581   0.6991   0.6445   0.7145   0.7206    0.743   0.6901   0.5917   0.6464   0.6709   0.6521   0.6578   0.6608   0.7139   0.7392   0.7702   0.6821   0.7565   0.5586
  std. dev.       0.0715   0.0759   0.0398   0.0531   0.0305   0.0543   0.0518   0.0334   0.0315   0.0636   0.0394   0.0495   0.0645   0.0795   0.0255   0.0422    0.038   0.0428   0.0249   0.0278   0.0294   0.0454   0.0212   0.0485   0.0479   0.0501
  weight sum          25       25       25       25       25       25       25       25       25       25       25       25       25       25       25       25       25       25       25       25       25       25       25       25       25       25
  precision       0.0008   0.0008   0.0008   0.0008   0.0008   0.0008   0.0008   0.0008   0.0008   0.0008   0.0008   0.0008   0.0008   0.0008   0.0008   0.0008   0.0008   0.0008   0.0008   0.0008   0.0008   0.0008   0.0008   0.0008   0.0008   0.0008

4
  mean           -0.3216  -0.2428  -0.3735  -0.4561  -0.4362  -0.3874  -0.4244  -0.2253  -0.2897  -0.2197   0.0093  -0.2141  -0.3468   -0.485  -0.5174  -0.4524  -0.5288  -0.4315  -0.5563   -0.444  -0.4277   -0.362  -0.3109  -0.1805  -0.3979  -0.5259
  std. dev.       0.2022   0.3373   0.2072   0.1842   0.2361   0.1197   0.1795    0.142   0.1598   0.2689    0.093   0.1871   0.1478   0.1994   0.1664   0.1563    0.204   0.1182   0.1529   0.1296   0.1448   0.1315   0.1543    0.091   0.1238   0.1024
  weight sum          25       25       25       25       25       25       25       25       25       25       25       25       25       25       25       25       25       25       25       25       25       25       25       25       25       25
  precision       0.0034   0.0034   0.0034   0.0034   0.0034   0.0034   0.0034   0.0034   0.0034   0.0034   0.0034   0.0034   0.0034   0.0034   0.0034   0.0034   0.0034   0.0034   0.0034   0.0034   0.0034   0.0034   0.0034   0.0034   0.0034   0.0034

5
  mean            0.6287   0.5436   0.5471   0.6045   0.6088   0.5838    0.608    0.574    0.709   0.6271   0.7331   0.7219   0.7516   0.6878   0.5516   0.6236   0.6783   0.6405   0.6381   0.6542   0.7208   0.7437   0.7809   0.6849   0.7643   0.5619
  std. dev.       0.0597   0.0998    0.062   0.0758   0.0323   0.0476    0.056   0.0313   0.0386   0.0708   0.0683   0.0654   0.0836    0.093   0.0326   0.0629    0.056   0.0499   0.0332   0.0303   0.0362   0.0466   0.0349   0.0397   0.0567   0.0568
  weight sum          25       25       25       25       25       25       25       25       25       25       25       25       25       25       25       25       25       25       25       25       25       25       25       25       25       25
  precision       0.0017   0.0017   0.0017   0.0017   0.0017   0.0017   0.0017   0.0017   0.0017   0.0017   0.0017   0.0017   0.0017   0.0017   0.0017   0.0017   0.0017   0.0017   0.0017   0.0017   0.0017   0.0017   0.0017   0.0017   0.0017   0.0017

6
  mean            0.6287   0.5436   0.5471   0.6045   0.6088   0.5838    0.608    0.574    0.709   0.6271   0.7331   0.7219   0.7516   0.6878   0.5516   0.6236   0.6783   0.6405   0.6381   0.6542   0.7208   0.7437   0.7809   0.6849   0.7643   0.5619
  std. dev.       0.0597   0.0998    0.062   0.0758   0.0323   0.0476    0.056   0.0313   0.0386   0.0708   0.0683   0.0654   0.0836    0.093   0.0326   0.0629    0.056   0.0499   0.0332   0.0303   0.0362   0.0466   0.0349   0.0397   0.0567   0.0568
  weight sum          25       25       25       25       25       25       25       25       25       25       25       25       25       25       25       25       25       25       25       25       25       25       25       25       25       25
  precision       0.0017   0.0017   0.0017   0.0017   0.0017   0.0017   0.0017   0.0017   0.0017   0.0017   0.0017   0.0017   0.0017   0.0017   0.0017   0.0017   0.0017   0.0017   0.0017   0.0017   0.0017   0.0017   0.0017   0.0017   0.0017   0.0017

7
  mean           -0.5333  -0.3055  -0.5904   -0.713  -0.4166  -0.5397  -0.5287  -0.3489   -0.483  -0.4325  -0.5005  -0.4092  -0.5455  -0.5436  -0.7321  -0.5873  -0.5189  -0.5458  -0.6502  -0.5796  -0.4865  -0.5635   -0.421  -0.3148  -0.5264  -0.5102
  std. dev.       0.5599   0.7236   0.4857   0.0674   0.6381   0.3158   0.4283   0.4907   0.3807   0.5247   0.4109   0.2878   0.1896   0.2732   0.1363   0.1831   0.5345   0.3347   0.3286   0.0841   0.3188   0.1671   0.3638   0.2822   0.2597    0.517
  weight sum          25       25       25       25       25       25       25       25       25       25       25       25       25       25       25       25       25       25       25       25       25       25       25       25       25       25
  precision       0.0042   0.0042   0.0042   0.0042   0.0042   0.0042   0.0042   0.0042   0.0042   0.0042   0.0042   0.0042   0.0042   0.0042   0.0042   0.0042   0.0042   0.0042   0.0042   0.0042   0.0042   0.0042   0.0042   0.0042   0.0042   0.0042

8
  mean           -0.3438   -0.507  -0.4671   -0.506   -0.471  -0.6167  -0.5648  -0.7596  -0.4872   -0.635  -0.6599  -0.5248  -0.4749   -0.442  -0.4842  -0.5598  -0.3585  -0.5482  -0.4367  -0.5855  -0.4701  -0.4765  -0.4826  -0.7345  -0.4417  -0.6367
  std. dev.        0.112   0.2028   0.1082   0.1021   0.1047   0.0445     0.06   0.1253   0.1592    0.217   0.2236   0.1263   0.1967   0.2201   0.1201   0.1229   0.2131   0.0758   0.0836   0.0626   0.0564   0.0556   0.0704   0.0623   0.2075   0.0975
  weight sum          25       25       25       25       25       25       25       25       25       25       25       25       25       25       25       25       25       25       25       25       25       25       25       25       25       25
  precision       0.0026   0.0026   0.0026   0.0026   0.0026   0.0026   0.0026   0.0026   0.0026   0.0026   0.0026   0.0026   0.0026   0.0026   0.0026   0.0026   0.0026   0.0026   0.0026   0.0026   0.0026   0.0026   0.0026   0.0026   0.0026   0.0026

9
  mean            0.4261   0.4348   0.4395   0.5579   0.5613   0.5646   0.5957   0.5108   0.5836   0.4819   0.5437   0.6595   0.6285   0.6411   0.5141   0.5792   0.6565   0.5901   0.6075   0.6418    0.697   0.6814   0.7565   0.6361   0.6683   0.4886
  std. dev.       0.2796   0.1854   0.1747   0.1361   0.1426   0.0717   0.0756   0.0577   0.2138   0.1808   0.2582   0.1146   0.2638   0.1298   0.0633   0.1912   0.0947   0.0697   0.0993   0.0372    0.102   0.1437   0.0639   0.1184   0.2348   0.1065
  weight sum          25       25       25       25       25       25       25       25       25       25       25       25       25       25       25       25       25       25       25       25       25       25       25       25       25       25
  precision       0.0028   0.0028   0.0028   0.0028   0.0028   0.0028   0.0028   0.0028   0.0028   0.0028   0.0028   0.0028   0.0028   0.0028   0.0028   0.0028   0.0028   0.0028   0.0028   0.0028   0.0028   0.0028   0.0028   0.0028   0.0028   0.0028

10
  mean           -0.9297  -0.8477  -0.8471  -0.7911  -0.8146  -0.6952  -0.7163  -0.8539  -0.8023   -1.009  -0.8023  -0.7437  -0.7653  -0.8594  -0.8959  -0.7606   -0.814  -0.8044  -0.8638   -0.744  -0.7849  -0.7955  -0.7528  -0.8964   -0.826  -0.9313
  std. dev.       0.5194   0.1891   0.0718   0.0999   0.0782   0.0565    0.077   0.2089   0.1811   0.2296   0.2329   0.1338   0.1751   0.2144   0.0715   0.0868   0.1206   0.0808   0.1411   0.0894   0.0803   0.1034   0.1582   0.1461   0.1746   0.1428
  weight sum          25       25       25       25       25       25       25       25       25       25       25       25       25       25       25       25       25       25       25       25       25       25       25       25       25       25
  precision       0.0065   0.0065   0.0065   0.0065   0.0065   0.0065   0.0065   0.0065   0.0065   0.0065   0.0065   0.0065   0.0065   0.0065   0.0065   0.0065   0.0065   0.0065   0.0065   0.0065   0.0065   0.0065   0.0065   0.0065   0.0065   0.0065

11
  mean            -0.861  -0.8706  -0.8145  -0.8482  -0.7985  -0.8631  -0.7836  -1.0368  -0.8596  -1.1224  -0.9679   -0.833  -0.9008   -0.877  -0.9218  -0.8472  -0.7289   -0.856  -0.8489  -0.9136  -0.7697   -0.741  -0.6845  -0.9711  -0.8354  -0.9765
  std. dev.       0.8362   0.1405   0.2009   0.1884   0.0646   0.0702   0.0729   0.1286   0.1023   0.1594   0.1337   0.0934   0.2043   0.1277   0.1314   0.0718   0.0687   0.1076   0.1494   0.1019   0.1378   0.1217   0.0819   0.0671   0.1653   0.1022
  weight sum          25       25       25       25       25       25       25       25       25       25       25       25       25       25       25       25       25       25       25       25       25       25       25       25       25       25
  precision       0.0089   0.0089   0.0089   0.0089   0.0089   0.0089   0.0089   0.0089   0.0089   0.0089   0.0089   0.0089   0.0089   0.0089   0.0089   0.0089   0.0089   0.0089   0.0089   0.0089   0.0089   0.0089   0.0089   0.0089   0.0089   0.0089

12
  mean           -0.9297  -0.8477  -0.8471  -0.7911  -0.8146  -0.6952  -0.7163  -0.8539  -0.8023   -1.009  -0.8023  -0.7437  -0.7653  -0.8594  -0.8959  -0.7606   -0.814  -0.8044  -0.8638   -0.744  -0.7849  -0.7955  -0.7528  -0.8964   -0.826  -0.9313
  std. dev.       0.5194   0.1891   0.0718   0.0999   0.0782   0.0565    0.077   0.2089   0.1811   0.2296   0.2329   0.1338   0.1751   0.2144   0.0715   0.0868   0.1206   0.0808   0.1411   0.0894   0.0803   0.1034   0.1582   0.1461   0.1746   0.1428
  weight sum          25       25       25       25       25       25       25       25       25       25       25       25       25       25       25       25       25       25       25       25       25       25       25       25       25       25
  precision       0.0065   0.0065   0.0065   0.0065   0.0065   0.0065   0.0065   0.0065   0.0065   0.0065   0.0065   0.0065   0.0065   0.0065   0.0065   0.0065   0.0065   0.0065   0.0065   0.0065   0.0065   0.0065   0.0065   0.0065   0.0065   0.0065

13
  mean            1.2181   1.0526    1.154   1.1266   0.8174    0.931   0.9257    1.057   1.2066   1.1651   1.3057   1.1432   1.1462   0.8851   0.8632   0.8365   0.6588   0.9476   0.6565   0.7471   0.7204   0.8985   0.8883   0.8404   0.7019   1.0976
  std. dev.       0.4265   0.3417   0.2878   0.3834   0.5387   0.4092   0.4272   0.3181    0.397   0.4123   0.3446   0.3496   0.3596   0.5674    0.552   0.5967   0.5451    0.466   0.5764   0.5114   0.5496   0.4402   0.4666   0.4242   0.5384   0.5941
  weight sum          25       25       25       25       25       25       25       25       25       25       25       25       25       25       25       25       25       25       25       25       25       25       25       25       25       25
  precision       0.0058   0.0058   0.0058   0.0058   0.0058   0.0058   0.0058   0.0058   0.0058   0.0058   0.0058   0.0058   0.0058   0.0058   0.0058   0.0058   0.0058   0.0058   0.0058   0.0058   0.0058   0.0058   0.0058   0.0058   0.0058   0.0058

14
  mean             0.333   0.2394   0.2153   0.1647    0.123  -0.0017   0.0351   0.0258    0.086   0.0043   0.1683   0.0255   0.0344   0.0258   0.0351  -0.1362   0.0129  -0.0341  -0.1058  -0.1918   -0.079  -0.0367  -0.0119  -0.1336   0.0437   0.1329
  std. dev.       0.7672   0.3504    0.254   0.2944   0.2588   0.2836   0.3093   0.2083   0.1945   0.1268   0.1561   0.2105   0.1537   0.1493   0.2475   0.1875   0.1719   0.2648   0.2079   0.2022   0.2067   0.2625   0.2394   0.3086   0.2053   0.3668
  weight sum          25       25       25       25       25       25       25       25       25       25       25       25       25       25       25       25       25       25       25       25       25       25       25       25       25       25
  precision       0.0083   0.0083   0.0083   0.0083   0.0083   0.0083   0.0083   0.0083   0.0083   0.0083   0.0083   0.0083   0.0083   0.0083   0.0083   0.0083   0.0083   0.0083   0.0083   0.0083   0.0083   0.0083   0.0083   0.0083   0.0083   0.0083

15
  mean            1.2181   1.0526    1.154   1.1266   0.8174    0.931   0.9257    1.057   1.2066   1.1651   1.3057   1.1432   1.1462   0.8851   0.8632   0.8365   0.6588   0.9476   0.6565   0.7471   0.7204   0.8985   0.8883   0.8404   0.7019   1.0976
  std. dev.       0.4265   0.3417   0.2878   0.3834   0.5387   0.4092   0.4272   0.3181    0.397   0.4123   0.3446   0.3496   0.3596   0.5674    0.552   0.5967   0.5451    0.466   0.5764   0.5114   0.5496   0.4402   0.4666   0.4242   0.5384   0.5941
  weight sum          25       25       25       25       25       25       25       25       25       25       25       25       25       25       25       25       25       25       25       25       25       25       25       25       25       25
  precision       0.0058   0.0058   0.0058   0.0058   0.0058   0.0058   0.0058   0.0058   0.0058   0.0058   0.0058   0.0058   0.0058   0.0058   0.0058   0.0058   0.0058   0.0058   0.0058   0.0058   0.0058   0.0058   0.0058   0.0058   0.0058   0.0058

16
  mean           -0.5283  -0.7631  -0.7545  -0.7631  -0.7014  -0.7654  -0.5983  -0.7692  -0.6727  -0.7691  -0.7216  -0.6358  -0.7645  -0.7879   -0.783  -0.7625  -0.4712  -0.7709  -0.7336  -0.7779  -0.7903  -0.7912   -0.763  -0.7584  -0.7728  -0.7701
  std. dev.       0.2068   0.0294   0.0476    0.044   0.1318   0.0361    0.279   0.0448   0.1395    0.101     0.21   0.3427   0.1045   0.0874   0.0598   0.0384   0.3804    0.046    0.092   0.0472   0.0396   0.0669   0.0845   0.0663   0.0882   0.0459
  weight sum          25       25       25       25       25       25       25       25       25       25       25       25       25       25       25       25       25       25       25       25       25       25       25       25       25       25
  precision       0.0034   0.0034   0.0034   0.0034   0.0034   0.0034   0.0034   0.0034   0.0034   0.0034   0.0034   0.0034   0.0034   0.0034   0.0034   0.0034   0.0034   0.0034   0.0034   0.0034   0.0034   0.0034   0.0034   0.0034   0.0034   0.0034

17
  mean           -0.9144  -1.0186  -0.9007  -0.9321  -0.9172  -0.9426  -0.9418  -1.0862   -1.046  -0.7349  -0.8766  -0.7172  -0.9341  -1.0468  -1.2694  -1.2259    -1.17  -1.0388   -1.508  -1.2223  -1.3354  -1.2734  -1.2501  -1.0979  -0.7558  -1.6304
  std. dev.        0.241   0.2254   0.0687   0.0987   0.1088   0.0992   0.1856   0.3188   0.5808   1.2231   0.1298   0.4095   0.1434   0.3802   0.7059   0.5736   0.4731   0.3542    0.661   0.7177   0.6486   0.6716   0.6023    0.491   0.2709   0.6346
  weight sum          25       25       25       25       25       25       25       25       25       25       25       25       25       25       25       25       25       25       25       25       25       25       25       25       25       25
  precision       0.0101   0.0101   0.0101   0.0101   0.0101   0.0101   0.0101   0.0101   0.0101   0.0101   0.0101   0.0101   0.0101   0.0101   0.0101   0.0101   0.0101   0.0101   0.0101   0.0101   0.0101   0.0101   0.0101   0.0101   0.0101   0.0101

18
  mean           -0.8718  -0.8134  -0.6811  -0.8537   -0.228  -0.6091  -0.5665  -0.8895  -0.2009  -0.7059  -0.9449  -0.7776  -0.7625  -0.8816  -0.9151  -0.9302  -0.8691  -1.2061  -0.8379   -0.395  -2.8268  -2.1536  -0.3426  -0.7218   -0.055  -0.8786
  std. dev.       0.0589   0.1329   0.2733   0.0795   0.7484   0.4972   0.4423   0.1878   0.4971     0.27   0.1695   0.4901    0.225   0.0805   0.0898   0.0548   0.1041   0.2304   0.1439   0.4393   0.7071   0.4957   0.3967   0.2092   0.4168   0.0814
  weight sum          25       25       25       25       25       25       25       25       25       25       25       25       25       25       25       25       25       25       25       25       25       25       25       25       25       25
  precision       0.0094   0.0094   0.0094   0.0094   0.0094   0.0094   0.0094   0.0094   0.0094   0.0094   0.0094   0.0094   0.0094   0.0094   0.0094   0.0094   0.0094   0.0094   0.0094   0.0094   0.0094   0.0094   0.0094   0.0094   0.0094   0.0094

19
  mean           -1.1656  -0.7686   -0.632   -0.812  -0.4571  -0.7527  -0.4596  -0.9473  -0.7868  -0.9362  -0.8522  -0.5545  -0.8329   -0.868  -0.8948  -0.8635   -0.814  -0.6389   -0.826  -0.8023  -0.6795  -0.7649  -0.6809  -0.7805  -0.9567  -0.8625
  std. dev.       0.2037   0.1509   0.3118   0.0846   0.3696    0.168    0.378   0.2517   0.1254   0.1371    0.197   0.5643   0.1627   0.0964   0.1275   0.0824   0.1333    0.196   0.0802   0.0921   0.1215   0.1173   0.1994   0.2242   0.2017   0.1128
  weight sum          25       25       25       25       25       25       25       25       25       25       25       25       25       25       25       25       25       25       25       25       25       25       25       25       25       25
  precision       0.0049   0.0049   0.0049   0.0049   0.0049   0.0049   0.0049   0.0049   0.0049   0.0049   0.0049   0.0049   0.0049   0.0049   0.0049   0.0049   0.0049   0.0049   0.0049   0.0049   0.0049   0.0049   0.0049   0.0049   0.0049   0.0049

20
  mean           -1.0157  -0.8738  -0.9573    -0.92  -0.8828  -0.8704  -0.8765  -0.8294  -0.8987   -0.846  -0.9146  -0.8693   -0.891  -0.8084  -0.9029  -0.8807  -0.8462  -0.8585  -0.8672  -0.8569  -0.8917  -0.8796   -0.919    -0.88  -1.3114  -0.7343
  std. dev.       0.1619   0.0727   0.2074   0.1917   0.0822   0.0733   0.1706   0.3022   0.2008   0.1661   0.1518     0.19   0.1098   0.2927   0.1317   0.1384   0.1059   0.1336    0.144   0.1001   0.1085   0.1644   0.1216   0.1903    0.387   0.1805
  weight sum          25       25       25       25       25       25       25       25       25       25       25       25       25       25       25       25       25       25       25       25       25       25       25       25       25       25
  precision       0.0044   0.0044   0.0044   0.0044   0.0044   0.0044   0.0044   0.0044   0.0044   0.0044   0.0044   0.0044   0.0044   0.0044   0.0044   0.0044   0.0044   0.0044   0.0044   0.0044   0.0044   0.0044   0.0044   0.0044   0.0044   0.0044

21
  mean           -0.8287  -0.8332  -0.9591  -0.8109  -1.0491  -0.8186  -1.3285  -0.7967  -1.0519  -0.8786  -0.8102  -1.0652  -0.8233  -0.8456  -0.8055  -0.8086  -0.8793  -1.2078  -0.8362   -0.805    -1.31  -1.1281  -0.9221  -0.9214  -1.1369  -0.8432
  std. dev.       0.0595   0.0777   0.3048   0.0829   0.3403   0.0317   0.9811   0.0795   0.3733   0.2128   0.0573   0.4708   0.0915    0.114   0.0725   0.0538   0.1373   0.3078   0.0966    0.049   0.3757    0.583   0.0962   0.2109   0.2905   0.0664
  weight sum          25       25       25       25       25       25       25       25       25       25       25       25       25       25       25       25       25       25       25       25       25       25       25       25       25       25
  precision       0.0056   0.0056   0.0056   0.0056   0.0056   0.0056   0.0056   0.0056   0.0056   0.0056   0.0056   0.0056   0.0056   0.0056   0.0056   0.0056   0.0056   0.0056   0.0056   0.0056   0.0056   0.0056   0.0056   0.0056   0.0056   0.0056

22
  mean           -0.7456  -0.9775  -1.2638  -0.8477  -0.8239  -0.8367     -0.9   -0.865  -0.8662  -0.8552  -0.8352  -0.8589  -1.2876  -1.0975  -0.9485    -1.04  -0.8802  -0.8346   -0.954  -0.8262  -0.9262  -0.8723  -1.1471  -0.8389  -0.9859  -0.9044
  std. dev.       0.1426   0.3037   0.7693   0.1177   0.0691   0.0754   0.2528   0.1272   0.1687   0.1774   0.0867   0.1241   0.3828   0.3057   0.2555   0.2641   0.3165   0.1369   0.1809   0.1061   0.1817   0.1074   0.2606   0.1035   0.5254    0.109
  weight sum          25       25       25       25       25       25       25       25       25       25       25       25       25       25       25       25       25       25       25       25       25       25       25       25       25       25
  precision       0.0048   0.0048   0.0048   0.0048   0.0048   0.0048   0.0048   0.0048   0.0048   0.0048   0.0048   0.0048   0.0048   0.0048   0.0048   0.0048   0.0048   0.0048   0.0048   0.0048   0.0048   0.0048   0.0048   0.0048   0.0048   0.0048

23
  mean            -0.708  -0.7923  -0.8193  -0.8017  -0.8167  -0.7937  -0.7386  -0.7964   -0.799  -0.8072  -0.8182  -0.8654   -0.815  -0.8009  -0.7942  -0.7671  -0.6573  -0.8024  -0.8164  -0.8007  -0.8177   -0.813   -0.831  -0.7886  -0.7727  -0.7928
  std. dev.       0.1356   0.0402   0.0636   0.0434   0.0382   0.0411   0.1556   0.0459   0.0657   0.0773   0.1167   0.2745   0.0619   0.0642   0.0454   0.0644   0.2494   0.0623   0.0481   0.0506    0.059   0.0526   0.0575   0.0719   0.1558   0.0348
  weight sum          25       25       25       25       25       25       25       25       25       25       25       25       25       25       25       25       25       25       25       25       25       25       25       25       25       25
  precision       0.0024   0.0024   0.0024   0.0024   0.0024   0.0024   0.0024   0.0024   0.0024   0.0024   0.0024   0.0024   0.0024   0.0024   0.0024   0.0024   0.0024   0.0024   0.0024   0.0024   0.0024   0.0024   0.0024   0.0024   0.0024   0.0024

24
  mean              -0.4     -0.8    -0.52    -0.36    -0.28    -0.64    -0.24    -0.44    -0.32    -0.56    -0.56    -0.32    -0.32     -0.4    -0.68    -0.76    -0.52     -0.4        0    -0.48    -0.28     -0.4    -0.36    -0.36    -0.52    -0.68
  std. dev.       0.4899      0.4   0.4996   0.5571   0.6013     0.48   0.5122   0.4964   0.4665   0.4964   0.4964   0.7332   0.4665   0.4899   0.4665   0.4271   0.4996   0.4899      0.8   0.4996   0.6013   0.4899     0.48     0.48   0.4996   0.4665
  weight sum          25       25       25       25       25       25       25       25       25       25       25       25       25       25       25       25       25       25       25       25       25       25       25       25       25       25
  precision            1        1        1        1        1        1        1        1        1        1        1        1        1        1        1        1        1        1        1        1        1        1        1        1        1        1

25
  mean             -0.44    -0.64     -0.4    -0.76    -0.24    -0.32    -0.16    -0.56    -0.28    -0.32    -0.44    -0.24    -0.52    -0.48    -0.84    -1.08     -0.8    -0.72    -0.84    -0.48     -0.8     -0.8    -0.64    -0.68    -0.04    -1.24
  std. dev.       0.4964     0.48   0.5657   0.4271   0.8139   0.7332   0.7838   0.6375     0.96   1.2238   0.5713   0.8139   0.6997     0.64    0.731    0.744   0.7483   0.5307   0.6741   0.8542   0.7483   0.5657   0.6859   0.6765   1.0763   0.6499
  weight sum          25       25       25       25       25       25       25       25       25       25       25       25       25       25       25       25       25       25       25       25       25       25       25       25       25       25
  precision            1        1        1        1        1        1        1        1        1        1        1        1        1        1        1        1        1        1        1        1        1        1        1        1        1        1

26
  mean             -0.66   -0.704   -0.396   -0.572    0.176   -0.484        0   -0.748    0.044   -0.132   -0.968   -0.528   -0.308   -0.572   -0.396   -0.836    -0.66   -1.012   -0.264   -0.264   -1.716   -1.628   -0.616   -0.396    0.088   -0.748
  std. dev.       0.5389    0.528   0.8734   0.5496   1.3802   0.7672   0.9334   0.9187   1.3375   0.8974   0.4739   0.7697   0.6615    0.704    0.528   0.4698   0.5389    0.757   0.9478   0.8395   0.9878   1.2492   0.9375   0.9271   1.1608   0.5131
  weight sum          25       25       25       25       25       25       25       25       25       25       25       25       25       25       25       25       25       25       25       25       25       25       25       25       25       25
  precision          1.1      1.1      1.1      1.1      1.1      1.1      1.1      1.1      1.1      1.1      1.1      1.1      1.1      1.1      1.1      1.1      1.1      1.1      1.1      1.1      1.1      1.1      1.1      1.1      1.1      1.1

27
  mean             -1.04    -1.04    -0.68    -0.96    -0.28    -0.68    -0.32    -0.84    -0.88    -1.08    -0.96    -0.56    -0.68    -0.68    -1.04       -1       -1    -0.68    -0.84    -0.64     -0.6     -0.6     -0.4    -0.72    -1.24    -0.92
  std. dev.       0.4454   0.4454   0.5455   0.3441   1.1839   0.6765   1.1565   0.6741   0.5154     0.56   0.3441   0.6974   0.5455   0.5455   0.4454   0.4899   0.1667   0.5455   0.5426   0.6859   0.6928   0.6325   0.6928   0.5307   0.4271   0.2713
  weight sum          25       25       25       25       25       25       25       25       25       25       25       25       25       25       25       25       25       25       25       25       25       25       25       25       25       25
  precision            1        1        1        1        1        1        1        1        1        1        1        1        1        1        1        1        1        1        1        1        1        1        1        1        1        1

28
  mean             -1.12    -1.04    -1.24    -1.28    -0.92     -0.8    -1.04    -1.04    -1.28    -1.12    -1.04    -0.96     -1.2     -1.2    -1.04    -1.08    -0.96    -0.96    -1.28     -0.8    -0.92    -1.24    -1.04    -1.12    -1.08    -1.04
  std. dev.       0.4308   0.3441   0.5122   0.6013   0.2713      0.4   0.5987   0.5276   0.5307   0.4308    0.196   0.3441      0.4   0.5657   0.4454   0.2713   0.3441   0.4454   0.5307   0.4899   0.3919   0.5851   0.3441   0.6524   0.6274    0.196
  weight sum          25       25       25       25       25       25       25       25       25       25       25       25       25       25       25       25       25       25       25       25       25       25       25       25       25       25
  precision            1        1        1        1        1        1        1        1        1        1        1        1        1        1        1        1        1        1        1        1        1        1        1        1        1        1

29
  mean             -0.92       -1    -1.16       -1    -1.52       -1    -1.52       -1    -1.16       -1    -0.96       -1       -1       -1    -1.04    -0.96    -0.88    -1.12    -1.16    -1.08    -1.24    -1.16    -1.16    -1.36    -1.16       -1
  std. dev.       0.2713   0.2828   0.3666   0.1667   0.8998   0.1667   0.9847   0.2828    0.463   0.2828    0.196      0.4   0.1667      0.4   0.3441    0.196   0.4308   0.4308   0.3666   0.2713   0.5851   0.3666   0.3666   0.8429   0.6119   0.1667
  weight sum          25       25       25       25       25       25       25       25       25       25       25       25       25       25       25       25       25       25       25       25       25       25       25       25       25       25
  precision            1        1        1        1        1        1        1        1        1        1        1        1        1        1        1        1        1        1        1        1        1        1        1        1        1        1

30
  mean             -0.76    -1.08    -1.16    -0.88       -1    -1.08    -0.96    -1.04    -0.84    -0.88    -0.84    -0.52    -0.92       -1    -1.16    -0.92    -0.44    -0.84    -0.88    -1.08    -0.88    -0.96    -1.08    -0.84    -0.84       -1
  std. dev.       0.4271   0.3919   0.3666   0.4308      0.4   0.2713   0.4454    0.196    0.463    0.325   0.3666   0.5741   0.2713      0.4    0.463   0.2713   1.0229   0.3666    0.325   0.2713   0.4308   0.4454   0.2713   0.3666   0.3666   0.2828
  weight sum          25       25       25       25       25       25       25       25       25       25       25       25       25       25       25       25       25       25       25       25       25       25       25       25       25       25
  precision            1        1        1        1        1        1        1        1        1        1        1        1        1        1        1        1        1        1        1        1        1        1        1        1        1        1

31
  mean             -0.72       -1    -0.88    -0.44    -0.56    -0.96    -0.56    -0.76     -0.8    -0.64     -0.8     -0.6    -0.76     -0.8     -0.8    -0.84    -0.52    -0.68     -0.8    -0.84    -0.72    -0.84    -0.76     -0.6    -0.64    -0.72
  std. dev.        0.449   0.1667    0.325   0.4964   0.4964    0.196   0.7526   0.4271      0.4     0.48      0.4   0.4899   0.4271      0.4      0.4   0.3666   0.8542   0.4665      0.4   0.3666    0.449   0.3666   0.4271   0.4899     0.48    0.449
  weight sum          25       25       25       25       25       25       25       25       25       25       25       25       25       25       25       25       25       25       25       25       25       25       25       25       25       25
  precision            1        1        1        1        1        1        1        1        1        1        1        1        1        1        1        1        1        1        1        1        1        1        1        1        1        1

32
  mean           -0.3578  -0.8178  -0.8178  -0.5622  -1.4311  -0.6644  -1.3289  -0.5622  -0.3578    -0.46  -0.3067  -0.6133   0.2044  -0.6644  -0.3067  -0.8178  -1.2778  -0.3578   0.3067  -0.7667  -0.6644  -0.6133  -0.5111  -0.9711  -0.7667  -0.7156
  std. dev.       1.7896   1.2457   1.4402    1.203   2.7123   1.3581   3.0125   1.4936    2.154   1.6515   1.5452   2.2314   1.6033   1.5803   1.5869    1.136   3.3124    2.061   3.0726   2.1381   2.5071    1.775   1.8428   2.3776   1.4456   1.6982
  weight sum          25       25       25       25       25       25       25       25       25       25       25       25       25       25       25       25       25       25       25       25       25       25       25       25       25       25
  precision       1.2778   1.2778   1.2778   1.2778   1.2778   1.2778   1.2778   1.2778   1.2778   1.2778   1.2778   1.2778   1.2778   1.2778   1.2778   1.2778   1.2778   1.2778   1.2778   1.2778   1.2778   1.2778   1.2778   1.2778   1.2778   1.2778

33
  mean           -1.1077  -1.1077   0.2462  -1.4769  -0.2462  -0.8615  -0.7385   0.3077  -0.4923  -0.6154  -0.3077     -0.8  -1.1692  -0.3692   0.0615  -1.7846  -0.4923  -1.0462  -1.5385  -3.0154  -1.6615  -0.7385  -1.0462  -0.9231  -0.3077  -0.8615
  std. dev.       1.2701   1.7143   2.4492   2.1085   2.6711   3.1403   4.0382   3.5351   2.8106   2.3026   2.6824   3.6177   2.1442   4.0184   3.2702   2.8093   5.2166   2.7077   4.2189   7.3651    3.254   2.4275   2.9423   3.5082   5.0183   2.6497
  weight sum          25       25       25       25       25       25       25       25       25       25       25       25       25       25       25       25       25       25       25       25       25       25       25       25       25       25
  precision       1.5385   1.5385   1.5385   1.5385   1.5385   1.5385   1.5385   1.5385   1.5385   1.5385   1.5385   1.5385   1.5385   1.5385   1.5385   1.5385   1.5385   1.5385   1.5385   1.5385   1.5385   1.5385   1.5385   1.5385   1.5385   1.5385

34
  mean           -0.5236  -0.4655  -0.4655  -0.5236   0.1164    -0.64  -0.9309  -0.4655  -0.4073  -0.3491  -0.6982  -0.4073   0.3491  -0.5818  -0.0582  -0.8727  -0.9891  -2.1527   0.2909   0.4073  -0.6982  -0.2327  -1.7455  -2.1527   0.2327  -1.1055
  std. dev.        1.357   1.5784   1.7318   2.0929    3.489   3.5648   3.3896   4.0251   5.8257   3.9947   1.7989   1.9085   3.3745   3.4421   3.1995    2.057   1.8269   3.7054   3.6797   7.0604   4.6019   4.3282   3.7706   5.4287   5.3274   2.0272
  weight sum          25       25       25       25       25       25       25       25       25       25       25       25       25       25       25       25       25       25       25       25       25       25       25       25       25       25
  precision       1.4545   1.4545   1.4545   1.4545   1.4545   1.4545   1.4545   1.4545   1.4545   1.4545   1.4545   1.4545   1.4545   1.4545   1.4545   1.4545   1.4545   1.4545   1.4545   1.4545   1.4545   1.4545   1.4545   1.4545   1.4545   1.4545

35
  mean           -1.0514  -1.1829  -0.9857  -1.6429    -0.92  -0.3943   0.1971  -1.7743  -0.8543  -1.2486  -1.1171  -1.5114  -1.7743  -1.3143  -1.5114  -1.5114    -0.92  -1.7743  -1.2486  -1.3143  -1.5114  -1.3143  -0.3943  -1.3143  -2.8257  -1.2486
  std. dev.       1.2188   1.4337   1.5411   1.3143   7.1998   2.6806   4.7913   3.0795   1.3241   1.7559   0.7664   1.7337   2.0739   2.1795   4.7369   2.3196   1.5467   3.4121   1.5606   1.6097   3.4436   2.4588   2.5144   2.0255   6.1911   1.8164
  weight sum          25       25       25       25       25       25       25       25       25       25       25       25       25       25       25       25       25       25       25       25       25       25       25       25       25       25
  precision       1.6429   1.6429   1.6429   1.6429   1.6429   1.6429   1.6429   1.6429   1.6429   1.6429   1.6429   1.6429   1.6429   1.6429   1.6429   1.6429   1.6429   1.6429   1.6429   1.6429   1.6429   1.6429   1.6429   1.6429   1.6429   1.6429

36
  mean           -1.6128  -1.6128  -1.6128   -1.536  -1.4592   -1.152  -1.6128  -1.3824  -2.0736  -1.8432    -1.92   -0.384  -2.1504  -2.0736   -0.768   -2.304  -2.1504  -1.3824  -1.7664  -0.2304  -1.3824  -2.4576   -1.152  -2.3808   -2.688   -1.536
  std. dev.       2.6426   1.5999   1.2943   1.4368   2.7839   2.4286   2.2834   1.6756   1.2046   1.1494   0.5431   2.9245   3.7357   2.1668   2.5472   2.6604    2.448   2.0693   2.2989   3.5743   3.5411   1.6756   2.0319   2.2574   7.4658   1.7173
  weight sum          25       25       25       25       25       25       25       25       25       25       25       25       25       25       25       25       25       25       25       25       25       25       25       25       25       25
  precision         1.92     1.92     1.92     1.92     1.92     1.92     1.92     1.92     1.92     1.92     1.92     1.92     1.92     1.92     1.92     1.92     1.92     1.92     1.92     1.92     1.92     1.92     1.92     1.92     1.92     1.92

37
  mean                 0  -0.3294  -0.4118  -0.9059  -0.9059  -0.0824  -0.4118  -0.9059  -1.7294  -0.4118  -0.4941  -0.3294  -0.5765  -1.2353  -0.6588  -0.5765  -1.0706  -0.8235  -1.3176  -0.9882  -0.6588  -1.0706  -0.6588  -1.3176  -0.9059  -0.5765
  std. dev.       0.5823   0.7548   1.1646   1.4359   3.0303   1.0863   3.0814   1.3125   5.3902   1.1646   0.8793   0.7548    1.238    1.747   1.5096   1.0925   1.8525   1.5407   2.1695   2.0273   1.9066   1.7586   1.1231   2.7239   2.6094   1.6997
  weight sum          25       25       25       25       25       25       25       25       25       25       25       25       25       25       25       25       25       25       25       25       25       25       25       25       25       25
  precision       2.0588   2.0588   2.0588   2.0588   2.0588   2.0588   2.0588   2.0588   2.0588   2.0588   2.0588   2.0588   2.0588   2.0588   2.0588   2.0588   2.0588   2.0588   2.0588   2.0588   2.0588   2.0588   2.0588   2.0588   2.0588   2.0588

38
  mean           -1.1378  -1.6356  -1.4222  -0.9956  -1.4222  -0.9244  -0.9244  -1.2089    -0.64  -1.3511  -0.7111    -0.64  -1.1378  -0.5689  -1.4222  -0.1422  -0.4978  -0.7111  -0.9244  -1.2089    -0.64  -1.4222    -0.64  -0.7822  -0.7822  -0.9244
  std. dev.       0.9905    1.736   1.3304   1.4293   1.4222   1.8895   2.3649   1.3971   1.5805   0.7593   1.4222   2.0659   1.8733   2.0561   2.0113   1.8074   5.4742   1.3304   1.9552   1.7214    2.242   2.0113   1.8733   2.0781   2.1964   1.3417
  weight sum          25       25       25       25       25       25       25       25       25       25       25       25       25       25       25       25       25       25       25       25       25       25       25       25       25       25
  precision       1.7778   1.7778   1.7778   1.7778   1.7778   1.7778   1.7778   1.7778   1.7778   1.7778   1.7778   1.7778   1.7778   1.7778   1.7778   1.7778   1.7778   1.7778   1.7778   1.7778   1.7778   1.7778   1.7778   1.7778   1.7778   1.7778

39
  mean           -1.2343    -0.72  -0.9257  -0.7714  -0.4114  -1.1314  -1.0286  -1.2343    -1.08  -0.9771  -0.6686  -0.6171  -0.4114  -0.9771  -0.6171  -1.0286  -0.2057  -0.9257  -0.1029  -1.2857  -0.6171  -1.3371  -0.9257  -1.0286  -0.7714  -1.1314
  std. dev.       1.2321   0.8196   1.2867   1.3607   1.8443   1.3272    2.212    1.059    1.345    1.166    1.266   1.8586   1.1907   1.2743   1.4141   1.2061   2.8093    1.687   2.1795   1.2061   1.4141   1.3352   1.2867   1.9243   1.3112   0.9839
  weight sum          25       25       25       25       25       25       25       25       25       25       25       25       25       25       25       25       25       25       25       25       25       25       25       25       25       25
  precision       1.2857   1.2857   1.2857   1.2857   1.2857   1.2857   1.2857   1.2857   1.2857   1.2857   1.2857   1.2857   1.2857   1.2857   1.2857   1.2857   1.2857   1.2857   1.2857   1.2857   1.2857   1.2857   1.2857   1.2857   1.2857   1.2857

40
  mean         -107.5042 -33.9849  -59.194 -55.9675 -87.5004 -36.2649 -94.4264 -48.8694 -74.5517 -56.5268 -59.4091 -80.5313 -56.8709 -51.9238 -38.1577  -34.114 -87.8015 -53.0853 -69.8626 -42.8038 -55.4083 -48.6113 -62.9366 -59.6672 -57.6023 -61.1298
  std. dev.      18.2956  11.4101  16.8749  20.0914  17.7029  17.5734  15.0812  18.3527  31.6893  22.3658  32.4576  26.4703  20.6699  26.7003  15.7331  13.3688  20.7984  20.6734  23.0733  12.5826  15.0938  14.7021  20.8322  19.7656  15.0446  17.0446
  weight sum          25       25       25       25       25       25       25       25       25       25       25       25       25       25       25       25       25       25       25       25       25       25       25       25       25       25
  precision       1.0755   1.0755   1.0755   1.0755   1.0755   1.0755   1.0755   1.0755   1.0755   1.0755   1.0755   1.0755   1.0755   1.0755   1.0755   1.0755   1.0755   1.0755   1.0755   1.0755   1.0755   1.0755   1.0755   1.0755   1.0755   1.0755

41
  mean          -96.8749 -72.8901 -69.9558 -66.2985 -83.9895 -73.2728 -86.2859-112.4396 -98.2358-115.6291 -80.3747-102.8286 -76.5899 -88.4547 -76.4198 -76.4198 -95.3015 -75.6118 -92.8775 -99.2989 -85.5629 -75.4842 -80.5874 -94.2383-113.0349-107.1238
  std. dev.      14.9428  20.3018  19.9647  14.3519  23.0664  23.7404  21.3558  17.9199  15.1849   15.701  20.9439  21.2089  23.1221  24.7001  30.4566  29.4958  23.6028  25.3082  23.9791   25.576  23.5054  29.4339  20.1294  27.8424  14.0617  21.3867
  weight sum          25       25       25       25       25       25       25       25       25       25       25       25       25       25       25       25       25       25       25       25       25       25       25       25       25       25
  precision       1.0632   1.0632   1.0632   1.0632   1.0632   1.0632   1.0632   1.0632   1.0632   1.0632   1.0632   1.0632   1.0632   1.0632   1.0632   1.0632   1.0632   1.0632   1.0632   1.0632   1.0632   1.0632   1.0632   1.0632   1.0632   1.0632

42
  mean          -85.9631 -97.8431 -88.0544 -84.8508-104.4283 -97.0422-101.3582 -97.8876-114.2616 -98.4661 -88.4103-106.2526 -93.3937 -70.0787 -82.4036 -61.1353 -76.5748-113.6387  -90.991-112.0369 -126.542-124.5398 -119.067 -99.9344 -118.622 -85.7852
  std. dev.      17.5894  16.4944  20.9353  22.6976  18.9984  16.9175  19.0505  15.4614  11.5279  18.3107  14.2733  19.5297  18.0832  21.3573  15.8999  15.5045  23.6002  15.1074  16.6155  12.6419   3.2129   5.6499   9.7557  15.8492  11.2073  21.5426
  weight sum          25       25       25       25       25       25       25       25       25       25       25       25       25       25       25       25       25       25       25       25       25       25       25       25       25       25
  precision       1.1124   1.1124   1.1124   1.1124   1.1124   1.1124   1.1124   1.1124   1.1124   1.1124   1.1124   1.1124   1.1124   1.1124   1.1124   1.1124   1.1124   1.1124   1.1124   1.1124   1.1124   1.1124   1.1124   1.1124   1.1124   1.1124

43
  mean         -108.4431 -88.7736 -97.6075 -84.9877-105.9626 -78.5908-102.9165-108.1385 -94.6048 -91.6892-102.5684-101.4804 -78.5908 -76.8936  -85.684  -67.233 -62.3591-109.9226 -78.4167  -88.382-100.4796 -96.1279-101.2629 -92.6901-111.0976 -92.1244
  std. dev.      15.1707  17.0882  26.1778  23.0048  16.3867  23.0458    26.47  17.9976  16.9951  19.7642  18.4741  17.3672  14.7259  23.2227  16.2657  18.2069  28.3404  13.3507  17.9315  16.1284  12.7833  17.6252  15.1776  25.6101  14.5482  20.8601
  weight sum          25       25       25       25       25       25       25       25       25       25       25       25       25       25       25       25       25       25       25       25       25       25       25       25       25       25
  precision       1.0879   1.0879   1.0879   1.0879   1.0879   1.0879   1.0879   1.0879   1.0879   1.0879   1.0879   1.0879   1.0879   1.0879   1.0879   1.0879   1.0879   1.0879   1.0879   1.0879   1.0879   1.0879   1.0879   1.0879   1.0879   1.0879

44
  mean          -97.7674 -83.6826-100.2043    -93.1 -85.7065  -67.037 -78.1478 -96.6109   -94.05 -96.5696 -85.0457 -89.3826  -69.763   -84.55 -91.7783 -87.0696 -88.7217 -88.4739   -88.35 -93.0587 -96.9413 -93.8435 -82.3609-100.4935-119.6174-115.1978
  std. dev.      17.9323  22.6223   23.326  23.1354  24.1745   19.553  22.8348  24.5632  19.0178  21.6407  20.9798  28.7089  22.4037  26.6122  21.4829  20.5335  20.4736  21.1737  18.9867  18.8588  19.1795  20.7229  18.3544  20.9122  12.3695  12.5557
  weight sum          25       25       25       25       25       25       25       25       25       25       25       25       25       25       25       25       25       25       25       25       25       25       25       25       25       25
  precision       1.0326   1.0326   1.0326   1.0326   1.0326   1.0326   1.0326   1.0326   1.0326   1.0326   1.0326   1.0326   1.0326   1.0326   1.0326   1.0326   1.0326   1.0326   1.0326   1.0326   1.0326   1.0326   1.0326   1.0326   1.0326   1.0326

45
  mean          -65.6037 -66.0112  -83.492 -58.9211  -73.305 -35.5727 -81.0879 -58.1062 -94.4531 -86.8333  -39.566 -64.2183 -58.9211 -59.6953 -46.0449 -45.5151 -71.7974-103.2138 -56.0688 -45.9634 -103.825 -88.5854 -83.9809 -62.5069-112.1783 -58.5544
  std. dev.      22.8623  14.3892  28.5982   26.429  28.3255  13.9881  33.0835  25.6233  21.8438  23.8701   11.488  33.8653  21.7202  23.3563  15.5936   19.761  24.2048   20.117  18.4953  12.8962  21.9942  28.7574  16.2278   25.832  15.8584  25.4601
  weight sum          25       25       25       25       25       25       25       25       25       25       25       25       25       25       25       25       25       25       25       25       25       25       25       25       25       25
  precision       1.0187   1.0187   1.0187   1.0187   1.0187   1.0187   1.0187   1.0187   1.0187   1.0187   1.0187   1.0187   1.0187   1.0187   1.0187   1.0187   1.0187   1.0187   1.0187   1.0187   1.0187   1.0187   1.0187   1.0187   1.0187   1.0187

46
  mean         -106.9515 -81.8703 -93.7817 -88.2454 -60.8994 -73.5239 -96.2563 -80.8217 -75.1177 -78.2633 -70.2105 -68.1553 -111.565 -86.1483  -85.687 -86.6936-112.4878 -71.2171 -86.9452 -64.3806 -94.6625 -72.4334-102.4637 -73.9433 -82.2478 -91.5169
  std. dev.      15.7323  28.1603  28.8684  24.5004  19.8901  24.1872  24.9774  26.4481  21.0021  24.6064  28.4424  26.9327  14.9733  27.7414   24.595  24.3636  14.6001   20.321  26.6848  22.4985  22.0215  22.4201  16.6359  26.6159  29.1142  18.6712
  weight sum          25       25       25       25       25       25       25       25       25       25       25       25       25       25       25       25       25       25       25       25       25       25       25       25       25       25
  precision       1.0485   1.0485   1.0485   1.0485   1.0485   1.0485   1.0485   1.0485   1.0485   1.0485   1.0485   1.0485   1.0485   1.0485   1.0485   1.0485   1.0485   1.0485   1.0485   1.0485   1.0485   1.0485   1.0485   1.0485   1.0485   1.0485

47
  mean          -94.8659 -40.9953      -57 -62.4094 -47.3435 -31.4282    -68.4 -40.8165 -48.2824 -46.3153 -49.6235 -78.5482   -56.24 -52.6635 -54.1388 -52.7976 -97.1459 -53.6471   -57.76 -50.2494 -56.4635 -60.1741 -46.9412 -53.8706 -63.5718 -68.0424
  std. dev.      20.3211   19.568  24.4558  28.1641  14.8471   17.045  26.6028  13.4271  10.6171  20.5795  22.9768  21.8111  17.2819  21.5107   16.814  21.4385  19.2337  15.4962  21.4791  17.9645  18.3488  20.9824  13.9092  21.6904  17.4677  21.7326
  weight sum          25       25       25       25       25       25       25       25       25       25       25       25       25       25       25       25       25       25       25       25       25       25       25       25       25       25
  precision       1.1176   1.1176   1.1176   1.1176   1.1176   1.1176   1.1176   1.1176   1.1176   1.1176   1.1176   1.1176   1.1176   1.1176   1.1176   1.1176   1.1176   1.1176   1.1176   1.1176   1.1176   1.1176   1.1176   1.1176   1.1176   1.1176

48
  mean          100.5429  25.4533  47.5333  40.6552  73.1181  26.8552  84.9905     41.4  69.1314  54.1486  49.4171  80.2152  51.0819  39.0343  30.2286  27.2933  87.0495  41.4438  63.1733   33.339  43.5467  36.9752  56.1638   51.301  43.5467  57.9162
  std. dev.      23.0031   8.1448   23.283  14.6527  20.8459  14.5535  20.7922  16.6591  37.2243   28.793  32.4417  28.2534  24.4685  18.5839  13.7146  18.0496  25.5735  15.0544  25.2651  11.7434  10.1864    9.489  21.6392  19.9987  13.2602  23.1597
  weight sum          25       25       25       25       25       25       25       25       25       25       25       25       25       25       25       25       25       25       25       25       25       25       25       25       25       25
  precision       1.0952   1.0952   1.0952   1.0952   1.0952   1.0952   1.0952   1.0952   1.0952   1.0952   1.0952   1.0952   1.0952   1.0952   1.0952   1.0952   1.0952   1.0952   1.0952   1.0952   1.0952   1.0952   1.0952   1.0952   1.0952   1.0952

49
  mean           88.6164  60.9798  61.3467  58.9417   64.893  57.5966  75.2872 105.5326   89.024 108.3859  71.2926  99.0107  60.5722  71.9448  63.9554  68.8061  81.6053  64.2815  81.6053  92.7741  76.5509  60.5314  72.4339   79.771 103.6983 103.0053
  std. dev.      20.2757  24.6005  29.8426  20.4617  22.2754  22.5283  25.5589  18.9796  18.9661  23.9316  23.2602  28.2417  18.6173  24.1822  30.0428  30.5294  26.6904  22.2441  24.6751  28.4129  27.1232  25.1455  28.7883  27.0207  20.3264  26.6545
  weight sum          25       25       25       25       25       25       25       25       25       25       25       25       25       25       25       25       25       25       25       25       25       25       25       25       25       25
  precision        1.019    1.019    1.019    1.019    1.019    1.019    1.019    1.019    1.019    1.019    1.019    1.019    1.019    1.019    1.019    1.019    1.019    1.019    1.019    1.019    1.019    1.019    1.019    1.019    1.019    1.019

50
  mean           78.4359  92.7159  85.6384  73.4816 104.0816  90.3845  91.5086  96.1298 111.3673  88.4278  88.1363  107.329   80.018  58.7437  71.7331  50.9584  65.1551 104.9559  80.1429 111.6588 125.3976 122.4833 117.6955  86.4294 120.2767  85.1804
  std. dev.      19.0008  20.1842  28.2666  21.4337  21.2184  23.7428  25.4997  17.0004  17.0897   17.662  17.2178  16.1332  20.1227  18.2047  17.3687  17.0376   27.652  17.3531  16.7361  12.9715    3.371   6.6724  10.6628  18.5241  11.5754  30.5052
  weight sum          25       25       25       25       25       25       25       25       25       25       25       25       25       25       25       25       25       25       25       25       25       25       25       25       25       25
  precision       1.0408   1.0408   1.0408   1.0408   1.0408   1.0408   1.0408   1.0408   1.0408   1.0408   1.0408   1.0408   1.0408   1.0408   1.0408   1.0408   1.0408   1.0408   1.0408   1.0408   1.0408   1.0408   1.0408   1.0408   1.0408   1.0408

51
  mean            110.24  89.6711  92.4907   84.032 105.3867  74.3253  98.6382 111.8578  88.2382  95.4951  99.3778  98.1298  68.8711  65.1733   90.688  72.8924  62.7698 103.4916  79.9182  82.2293  99.3316  89.3476 100.8107   92.352 109.8702  97.7138
  std. dev.      15.5068  22.3689  24.0721  20.6312  16.1943   24.201  27.6115  13.9856  18.8349  22.4805  16.6753  20.0173  16.7775  21.8788  16.2999  22.1045  23.4887  16.4043  21.5533  20.2131  15.2865  15.4472  15.2683  23.2262  14.3955  20.8873
  weight sum          25       25       25       25       25       25       25       25       25       25       25       25       25       25       25       25       25       25       25       25       25       25       25       25       25       25
  precision       1.1556   1.1556   1.1556   1.1556   1.1556   1.1556   1.1556   1.1556   1.1556   1.1556   1.1556   1.1556   1.1556   1.1556   1.1556   1.1556   1.1556   1.1556   1.1556   1.1556   1.1556   1.1556   1.1556   1.1556   1.1556   1.1556

52
  mean          103.0901   78.051  94.5371       94  76.1503  59.7055  76.9354  97.8426  94.2479  94.2066  88.3807  82.9266  72.4316  83.6703  86.9758  77.6378  77.7618  82.5134  89.5789  82.7613  83.1745  86.3147  77.7204   95.818  112.924 113.5851
  std. dev.      19.6709  22.6181  26.1357  19.9681  23.6593  19.1185  20.2696   20.823   17.521  18.7966  17.9584  27.3415  21.3628   22.031    17.27   22.464  26.3462  18.4351  18.6976  16.8353  16.8753  19.5819  13.9669  22.0122  11.9672  12.6764
  weight sum          25       25       25       25       25       25       25       25       25       25       25       25       25       25       25       25       25       25       25       25       25       25       25       25       25       25
  precision        1.033    1.033    1.033    1.033    1.033    1.033    1.033    1.033    1.033    1.033    1.033    1.033    1.033    1.033    1.033    1.033    1.033    1.033    1.033    1.033    1.033    1.033    1.033    1.033    1.033    1.033

53
  mean             63.32    75.72    88.32    63.36    72.24    36.16    81.16     62.4    96.92    93.72    39.68    69.44    69.88     61.6    57.64    54.72     73.6   102.12    67.64    51.96   104.36    95.44    91.16    68.28   113.88    70.52
  std. dev.      22.9708  19.8061  30.3245  30.5534  34.9368  13.1413  33.8522   25.333  21.8283  22.3991  12.0257  33.7711  18.2325  23.4521  21.5571  19.8867  22.6416  19.0941  21.9925  16.3131  18.2754  20.7501  18.2793  25.2769   12.754  24.9096
  weight sum          25       25       25       25       25       25       25       25       25       25       25       25       25       25       25       25       25       25       25       25       25       25       25       25       25       25
  precision            1        1        1        1        1        1        1        1        1        1        1        1        1        1        1        1        1        1        1        1        1        1        1        1        1        1

54
  mean          105.3157  90.9297   87.868   80.654  60.5219  79.3118  99.4019  84.5546  74.2788  81.8283  69.4975   67.694 112.7394  82.9188  96.0466  95.5014 115.6753  76.1243  82.1219  69.0781  91.3072  78.7666  105.148  72.1398  82.2478 100.4085
  std. dev.      19.7774  24.6468  32.0683  28.8727  26.4225   22.932  22.8592   21.119  24.1551  24.5144  28.4687  35.2524  12.0728  23.5396  21.1816  27.0076  13.0886  24.1902  26.5474  25.5609  22.0661  21.1532  14.5699  24.9985  31.9778  17.2912
  weight sum          25       25       25       25       25       25       25       25       25       25       25       25       25       25       25       25       25       25       25       25       25       25       25       25       25       25
  precision       1.0485   1.0485   1.0485   1.0485   1.0485   1.0485   1.0485   1.0485   1.0485   1.0485   1.0485   1.0485   1.0485   1.0485   1.0485   1.0485   1.0485   1.0485   1.0485   1.0485   1.0485   1.0485   1.0485   1.0485   1.0485   1.0485

55
  mean           84.7903  36.1226  53.7391  49.2015  34.9215  24.0669  59.6112  32.4303  40.3933  38.3024  36.3895  75.8486  54.3174  48.2228  43.7297  47.3776  92.7978  45.1088  42.3062  37.0568  43.5518  46.3989  41.7279  47.3331  56.4972  62.6807
  std. dev.      22.6863  17.5342  26.7263  22.9379  13.4013  12.9273  30.7951   9.4405   9.5293   13.614   21.681  27.0762  16.7302  24.7465  19.9139  22.0015  18.7504  17.9634  13.6155  12.8883  10.1379  17.9866  14.8883  18.1906  22.8118  26.8042
  weight sum          25       25       25       25       25       25       25       25       25       25       25       25       25       25       25       25       25       25       25       25       25       25       25       25       25       25
  precision       1.1121   1.1121   1.1121   1.1121   1.1121   1.1121   1.1121   1.1121   1.1121   1.1121   1.1121   1.1121   1.1121   1.1121   1.1121   1.1121   1.1121   1.1121   1.1121   1.1121   1.1121   1.1121   1.1121   1.1121   1.1121   1.1121

56
  mean            0.8661   4.9783    5.237   2.3215   2.5487   1.9234   1.7974  -1.3475   4.2966   2.2585   4.1954   5.6914   4.9198    5.183   6.0063   3.7163   4.4181   5.4394    3.597   4.5193   3.3496   2.0943   3.0121   6.3257    1.361  10.8586
  std. dev.       2.8801   4.2098   3.8228   3.7974   4.4022   2.3306   2.9475   4.0404   6.2833   3.2617   6.5323   5.1611   5.3911   6.0947   2.6316    2.961   5.0715   4.2899   5.9307   2.6061   3.1126   4.0254   4.1486   2.7639    6.742   2.7942
  weight sum          25       25       25       25       25       25       25       25       25       25       25       25       25       25       25       25       25       25       25       25       25       25       25       25       25       25
  precision       0.0562   0.0562   0.0562   0.0562   0.0562   0.0562   0.0562   0.0562   0.0562   0.0562   0.0562   0.0562   0.0562   0.0562   0.0562   0.0562   0.0562   0.0562   0.0562   0.0562   0.0562   0.0562   0.0562   0.0562   0.0562   0.0562

57
  mean          -18.3702 -18.1859 -28.3875 -19.6416 -15.7169 -15.2624 -13.3462 -12.7259 -16.5277 -10.5271 -16.1776 -16.9699  -12.646  -7.4623 -10.5762  -6.3998   1.1485 -10.6929  -3.3227  -7.1982 -10.7605 -14.2675 -12.9101  -5.3618  -4.0413  -6.2892
  std. dev.       9.8611   13.438   17.049  19.3243   19.798  11.5899  16.2057   8.7054  13.2643   7.2281   9.3235  10.9969  10.6212  19.5864   16.089   15.654  21.7358  12.7056  16.6269  12.2426  16.3249  15.7768  16.5553  13.5892  20.1844  13.2803
  weight sum          25       25       25       25       25       25       25       25       25       25       25       25       25       25       25       25       25       25       25       25       25       25       25       25       25       25
  precision       0.1535   0.1535   0.1535   0.1535   0.1535   0.1535   0.1535   0.1535   0.1535   0.1535   0.1535   0.1535   0.1535   0.1535   0.1535   0.1535   0.1535   0.1535   0.1535   0.1535   0.1535   0.1535   0.1535   0.1535   0.1535   0.1535

58
  mean          -18.0798 -22.2731  -24.343 -19.6843 -21.9391 -23.6153 -17.0598 -21.1279 -22.7444 -22.0047 -22.1658 -15.4254 -16.0636  -9.3232  -6.2334  -8.2257  -5.4102  -9.1622  -6.1857  -8.4822  -6.6748  -8.4166 -10.2895  -0.6442  -7.1997  -4.8078
  std. dev.       7.1017  16.6115  10.3161  15.6917  23.0318  17.7577  18.4901  14.0193  12.9851  10.8402  11.5184  12.4995  10.7225  19.6811  18.2035  17.2026  16.8655  11.8517  19.3351  15.1612  16.0608  15.1573  12.9697  17.6309  16.2136  11.4107
  weight sum          25       25       25       25       25       25       25       25       25       25       25       25       25       25       25       25       25       25       25       25       25       25       25       25       25       25
  precision       0.1491   0.1491   0.1491   0.1491   0.1491   0.1491   0.1491   0.1491   0.1491   0.1491   0.1491   0.1491   0.1491   0.1491   0.1491   0.1491   0.1491   0.1491   0.1491   0.1491   0.1491   0.1491   0.1491   0.1491   0.1491   0.1491

59
  mean           -1.0868   0.7735   2.4673   0.3035  -0.4112   1.3609     0.47   0.4308  -1.6351    7.862   5.0423   3.7695  -0.8224   1.1162     2.34   1.6449   -1.263   2.8197   -0.421   1.7526   2.1736   1.6644  -0.5777   4.9052  -5.7864   4.7485
  std. dev.       1.5497   2.1835   2.5408   1.7843   2.3177   1.4054   1.6323   4.6515   2.1064    7.995   7.8458   4.5335   4.8343   2.9867   2.0138    1.923   2.0263   3.0027   2.0613   1.8339   2.1984   4.3224   2.7308    2.962   9.3764   2.6453
  weight sum          25       25       25       25       25       25       25       25       25       25       25       25       25       25       25       25       25       25       25       25       25       25       25       25       25       25
  precision       0.2448   0.2448   0.2448   0.2448   0.2448   0.2448   0.2448   0.2448   0.2448   0.2448   0.2448   0.2448   0.2448   0.2448   0.2448   0.2448   0.2448   0.2448   0.2448   0.2448   0.2448   0.2448   0.2448   0.2448   0.2448   0.2448

60
  mean           -4.3623  -8.4024 -12.5345  -8.6901  -8.7132   -6.227    -6.86  -9.5419 -11.7748 -23.3425 -42.8061 -18.9917 -13.3863 -12.5115   -5.663  -7.9995   -9.047  -5.2026  -3.4645  -5.0645  -5.7781  -6.5723  -8.9664 -10.5433  -9.0239  -7.1478
  std. dev.       2.6015   6.1748   8.1466   5.7895   7.2699   4.9573   4.2233  11.0739   7.9632  11.4649  26.2301  15.6846   8.8856  11.0458   4.7942   7.9224   9.7677   3.5801   3.6493   5.3784   6.4794    6.892     7.15  14.3466  10.7605   5.7979
  weight sum          25       25       25       25       25       25       25       25       25       25       25       25       25       25       25       25       25       25       25       25       25       25       25       25       25       25
  precision       0.2878   0.2878   0.2878   0.2878   0.2878   0.2878   0.2878   0.2878   0.2878   0.2878   0.2878   0.2878   0.2878   0.2878   0.2878   0.2878   0.2878   0.2878   0.2878   0.2878   0.2878   0.2878   0.2878   0.2878   0.2878   0.2878

61
  mean           -4.3623  -8.4024 -12.5345  -8.6901  -8.7132   -6.227    -6.86  -9.5419 -11.7748 -23.3425 -42.8061 -18.9917 -13.3863 -12.5115   -5.663  -7.9995   -9.047  -5.2026  -3.4645  -5.0645  -5.7781  -6.5723  -8.9664 -10.5433  -9.0239  -7.1478
  std. dev.       2.6015   6.1748   8.1466   5.7895   7.2699   4.9573   4.2233  11.0739   7.9632  11.4649  26.2301  15.6846   8.8856  11.0458   4.7942   7.9224   9.7677   3.5801   3.6493   5.3784   6.4794    6.892     7.15  14.3466  10.7605   5.7979
  weight sum          25       25       25       25       25       25       25       25       25       25       25       25       25       25       25       25       25       25       25       25       25       25       25       25       25       25
  precision       0.2878   0.2878   0.2878   0.2878   0.2878   0.2878   0.2878   0.2878   0.2878   0.2878   0.2878   0.2878   0.2878   0.2878   0.2878   0.2878   0.2878   0.2878   0.2878   0.2878   0.2878   0.2878   0.2878   0.2878   0.2878   0.2878

62
  mean           -6.6872  -2.2163  -4.7384  -4.3944  -6.8783  -5.6555  -4.8148 -36.0345 -17.6542 -61.1401 -53.2683  -6.9547 -20.7876  -10.241 -10.6231  -3.9741 -13.7565  -7.1458   -4.318  -1.4903  -6.8401 -18.0746  -7.2604   -9.171 -58.3506 -13.4508
  std. dev.       8.7054   7.8625  14.6247   5.8765   15.003  14.2695   7.3626  48.8737  40.6539  97.2546  48.7546  16.5146  30.0659  29.0083   16.644  11.1201  27.8834  16.4805   8.9417   13.043  12.6468   29.118  13.5883  21.4297  63.3246  17.7718
  weight sum          25       25       25       25       25       25       25       25       25       25       25       25       25       25       25       25       25       25       25       25       25       25       25       25       25       25
  precision       0.9553   0.9553   0.9553   0.9553   0.9553   0.9553   0.9553   0.9553   0.9553   0.9553   0.9553   0.9553   0.9553   0.9553   0.9553   0.9553   0.9553   0.9553   0.9553   0.9553   0.9553   0.9553   0.9553   0.9553   0.9553   0.9553

63
  mean          -22.2677 -50.8923 -55.3684 -31.2952 -62.6656 -36.0346 -37.7272 -42.5795 -54.9546 -45.8896 -113.934 -90.5754 -64.3582 -76.3196 -61.1986 -36.2603 -28.7374 -31.8594 -38.4795 -22.4934 -42.5795 -63.2298 -36.2979 -47.7327 -95.4277 -40.0217
  std. dev.      49.1812  61.2701  79.2327  56.9343  81.3906  43.7102  58.0697  50.6354  82.0434  53.6226  80.2085  84.2439  82.8171  95.7822  72.1284  69.7339  54.7164  56.9056  68.3169  43.8082  59.4239  73.9366  71.7558  53.7506  87.7412  53.1396
  weight sum          25       25       25       25       25       25       25       25       25       25       25       25       25       25       25       25       25       25       25       25       25       25       25       25       25       25
  precision       0.9404   0.9404   0.9404   0.9404   0.9404   0.9404   0.9404   0.9404   0.9404   0.9404   0.9404   0.9404   0.9404   0.9404   0.9404   0.9404   0.9404   0.9404   0.9404   0.9404   0.9404   0.9404   0.9404   0.9404   0.9404   0.9404

64
  mean           -9.8984 -25.2681 -61.8128 -20.4651 -52.3738 -35.6677 -42.5172-103.6618 -78.8949 -71.7112-147.0978 -89.2109 -58.3463 -72.7971 -40.6377 -22.1357 -43.1437 -49.1997 -28.2752 -37.4218 -40.5124 -66.2399 -82.3196 -80.0643 -46.6937 -33.0364
  std. dev.       16.586  53.9089  65.2009  40.1795  84.5616  62.6214  60.8676 101.3982  88.1275  71.7622   99.743  78.4907  66.5836  77.4506  58.3999  41.7852   55.587  60.4714  51.8496  89.7814  55.8393  74.8901  63.0047  93.5889  66.2706  49.9318
  weight sum          25       25       25       25       25       25       25       25       25       25       25       25       25       25       25       25       25       25       25       25       25       25       25       25       25       25
  precision       1.0441   1.0441   1.0441   1.0441   1.0441   1.0441   1.0441   1.0441   1.0441   1.0441   1.0441   1.0441   1.0441   1.0441   1.0441   1.0441   1.0441   1.0441   1.0441   1.0441   1.0441   1.0441   1.0441   1.0441   1.0441   1.0441

65
  mean           -88.687 -76.0769 -77.2887 -70.6239 -66.1933 -75.1681 -57.9002-115.2325 -85.3167-184.3795 -96.6771 -65.3981-102.8117 -82.7795 -55.7796 -59.7936 -70.7754 -63.2775-106.2956 -62.3308  -65.133 -82.2494 -66.7614 -82.5523  -123.98 -68.1246
  std. dev.      93.2568   33.341  36.8177   38.104  33.4194   29.565  27.7701  35.7873  40.7705   47.144  32.7655   26.567  47.7032  39.3364    22.47  22.6808  32.1937  16.8474  48.5188  17.8577   27.711  28.3724  24.4361  33.2539  50.0729  19.6759
  weight sum          25       25       25       25       25       25       25       25       25       25       25       25       25       25       25       25       25       25       25       25       25       25       25       25       25       25
  precision       0.9467   0.9467   0.9467   0.9467   0.9467   0.9467   0.9467   0.9467   0.9467   0.9467   0.9467   0.9467   0.9467   0.9467   0.9467   0.9467   0.9467   0.9467   0.9467   0.9467   0.9467   0.9467   0.9467   0.9467   0.9467   0.9467

66
  mean         -240.5854-163.1401-173.4163-174.3053-150.6948-138.4273-159.4776-131.9913-165.9136-145.5744-164.9535 -167.976-196.4935-172.9541-176.8655-164.5624-157.5219-149.2725-184.1549-157.1663-138.6762-165.1313-148.7391-110.5854-160.9711-171.7451
  std. dev.      69.0273  44.9939  44.6291  46.8637  63.0667   39.987  58.0538  31.3809  33.3629  24.3634   16.526  28.3401  41.1786  55.0168  36.8969  48.1022  62.4172   31.928  62.8938  41.5854  41.0537  33.7897  59.5545  44.2444   58.081  55.9019
  weight sum          25       25       25       25       25       25       25       25       25       25       25       25       25       25       25       25       25       25       25       25       25       25       25       25       25       25
  precision       0.8889   0.8889   0.8889   0.8889   0.8889   0.8889   0.8889   0.8889   0.8889   0.8889   0.8889   0.8889   0.8889   0.8889   0.8889   0.8889   0.8889   0.8889   0.8889   0.8889   0.8889   0.8889   0.8889   0.8889   0.8889   0.8889

67
  mean           -88.687 -76.0769 -77.2887 -70.6239 -66.1933 -75.1681 -57.9002-115.2325 -85.3167-184.3795 -96.6771 -65.3981-102.8117 -82.7795 -55.7796 -59.7936 -70.7754 -63.2775-106.2956 -62.3308  -65.133 -82.2494 -66.7614 -82.5523  -123.98 -68.1246
  std. dev.      93.2568   33.341  36.8177   38.104  33.4194   29.565  27.7701  35.7873  40.7705   47.144  32.7655   26.567  47.7032  39.3364    22.47  22.6808  32.1937  16.8474  48.5188  17.8577   27.711  28.3724  24.4361  33.2539  50.0729  19.6759
  weight sum          25       25       25       25       25       25       25       25       25       25       25       25       25       25       25       25       25       25       25       25       25       25       25       25       25       25
  precision       0.9467   0.9467   0.9467   0.9467   0.9467   0.9467   0.9467   0.9467   0.9467   0.9467   0.9467   0.9467   0.9467   0.9467   0.9467   0.9467   0.9467   0.9467   0.9467   0.9467   0.9467   0.9467   0.9467   0.9467   0.9467   0.9467

68
  mean          132.2431 135.6865  93.8523  93.9255  140.522 105.2816 103.1569 112.1685 122.7186 150.1197 121.3999 104.9153 121.7662 115.7585  95.4641  86.6723 109.0181    96.27 153.7829 109.0181  95.3908  95.3176   84.108  96.5631 164.6994 120.1544
  std. dev.     190.0598  56.7174  28.3861  39.5512  44.9536  24.8945  39.5519  37.0704  34.9451  24.2963  37.4996   34.013  44.2028  37.3291  24.2346  28.3172  31.4148  24.2388  48.5417  41.8673  44.2962  27.6641  25.0386  39.4901  63.4025  45.6158
  weight sum          25       25       25       25       25       25       25       25       25       25       25       25       25       25       25       25       25       25       25       25       25       25       25       25       25       25
  precision       1.8316   1.8316   1.8316   1.8316   1.8316   1.8316   1.8316   1.8316   1.8316   1.8316   1.8316   1.8316   1.8316   1.8316   1.8316   1.8316   1.8316   1.8316   1.8316   1.8316   1.8316   1.8316   1.8316   1.8316   1.8316   1.8316

69
  mean          237.4475 186.4338 196.7938 193.2788 182.8262 135.8825 191.6138 174.1775   204.98 192.6775 182.5488 179.5888 192.3538   208.68 191.1513 191.1513 241.2863 145.8725   203.13 168.0263 140.8313  167.055 143.0513  152.995 239.8988 196.4238
  std. dev.     109.2308  29.4792  32.4113  23.2396  24.8942  16.7401  37.6341  32.8145  42.2593   39.105  27.9962  32.8826  32.4886  39.2895  24.2045  29.3783   69.488  28.0064   37.995   51.461  27.9325  25.3598  24.9097  23.8013  56.3824  34.8986
  weight sum          25       25       25       25       25       25       25       25       25       25       25       25       25       25       25       25       25       25       25       25       25       25       25       25       25       25
  precision       1.1563   1.1563   1.1563   1.1563   1.1563   1.1563   1.1563   1.1563   1.1563   1.1563   1.1563   1.1563   1.1563   1.1563   1.1563   1.1563   1.1563   1.1563   1.1563   1.1563   1.1563   1.1563   1.1563   1.1563   1.1563   1.1563

70
  mean          132.2431 135.6865  93.8523  93.9255  140.522 105.2816 103.1569 112.1685 122.7186 150.1197 121.3999 104.9153 121.7662 115.7585  95.4641  86.6723 109.0181    96.27 153.7829 109.0181  95.3908  95.3176   84.108  96.5631 164.6994 120.1544
  std. dev.     190.0598  56.7174  28.3861  39.5512  44.9536  24.8945  39.5519  37.0704  34.9451  24.2963  37.4996   34.013  44.2028  37.3291  24.2346  28.3172  31.4148  24.2388  48.5417  41.8673  44.2962  27.6641  25.0386  39.4901  63.4025  45.6158
  weight sum          25       25       25       25       25       25       25       25       25       25       25       25       25       25       25       25       25       25       25       25       25       25       25       25       25       25
  precision       1.8316   1.8316   1.8316   1.8316   1.8316   1.8316   1.8316   1.8316   1.8316   1.8316   1.8316   1.8316   1.8316   1.8316   1.8316   1.8316   1.8316   1.8316   1.8316   1.8316   1.8316   1.8316   1.8316   1.8316   1.8316   1.8316

71
  mean           -0.1683  -0.2549  -0.1348  -0.1904  -0.1403  -0.2748  -0.2047  -0.3253  -0.2207  -0.3037  -0.2501  -0.1826  -0.1331  -0.0674  -0.1292  -0.0346   0.1237   0.0603   0.1976   0.2762   0.2703   0.2439    0.261   0.3511   0.2479   0.3383
  std. dev.       0.0663   0.0648   0.1746   0.0931   0.1761   0.1189   0.1148   0.0289   0.0237   0.0521   0.0378   0.1352   0.1453   0.2509   0.2302   0.2048     0.22   0.1336   0.1757   0.0516    0.072   0.0609   0.0501   0.0204   0.0378   0.0386
  weight sum          25       25       25       25       25       25       25       25       25       25       25       25       25       25       25       25       25       25       25       25       25       25       25       25       25       25
  precision       0.0012   0.0012   0.0012   0.0012   0.0012   0.0012   0.0012   0.0012   0.0012   0.0012   0.0012   0.0012   0.0012   0.0012   0.0012   0.0012   0.0012   0.0012   0.0012   0.0012   0.0012   0.0012   0.0012   0.0012   0.0012   0.0012

72
  mean            0.0422   0.0783  -0.0459   0.2201   0.2213   0.1912   0.2336   0.2126   0.1963   0.1566   0.0882   0.0961   0.1037   0.1071   0.0081  -0.0345  -0.0854  -0.1351  -0.0729  -0.0383  -0.0763  -0.0722  -0.0567    0.089  -0.0407   0.0495
  std. dev.       0.1742   0.1996   0.2421   0.1575   0.1489   0.1321   0.1151   0.0539   0.0479    0.064   0.1371   0.1621   0.1433   0.1504    0.265   0.2981   0.1804   0.2864   0.2185   0.2421   0.1255   0.1235   0.0375   0.0524   0.1076   0.1613
  weight sum          25       25       25       25       25       25       25       25       25       25       25       25       25       25       25       25       25       25       25       25       25       25       25       25       25       25
  precision       0.0015   0.0015   0.0015   0.0015   0.0015   0.0015   0.0015   0.0015   0.0015   0.0015   0.0015   0.0015   0.0015   0.0015   0.0015   0.0015   0.0015   0.0015   0.0015   0.0015   0.0015   0.0015   0.0015   0.0015   0.0015   0.0015

73
  mean           -0.1631    -0.18  -0.0783  -0.3696  -0.4545  -0.3638  -0.4642  -0.4366  -0.4152  -0.3204  -0.4202  -0.2798  -0.1721  -0.1286   0.2089   0.1374   0.0947    0.375  -0.0649  -0.1461  -0.0567  -0.0543  -0.0635  -0.3095  -0.4226  -0.5029
  std. dev.       0.3021   0.2492   0.3061   0.1796   0.1575    0.157   0.1389   0.1853   0.2368   0.2316   0.2373   0.3612   0.4782   0.5773   0.6914   0.8287   0.8956   0.7906   0.8428   0.6815   0.5583   0.4588   0.3246   0.1407   0.1361   0.1422
  weight sum          25       25       25       25       25       25       25       25       25       25       25       25       25       25       25       25       25       25       25       25       25       25       25       25       25       25
  precision       0.0028   0.0028   0.0028   0.0028   0.0028   0.0028   0.0028   0.0028   0.0028   0.0028   0.0028   0.0028   0.0028   0.0028   0.0028   0.0028   0.0028   0.0028   0.0028   0.0028   0.0028   0.0028   0.0028   0.0028   0.0028   0.0028

74
  mean           -0.1506  -0.2453  -0.1454  -0.1291  -0.0878  -0.2396  -0.1426  -0.2843  -0.1725  -0.3354  -0.2523  -0.1467  -0.0722  -0.0572  -0.1996  -0.0955   0.0608  -0.0058   0.1551   0.2609    0.248   0.2322   0.2609   0.3763   0.2602   0.4338
  std. dev.       0.1294    0.108   0.1416   0.1387   0.1918     0.12   0.1202   0.0455   0.0345   0.0599   0.0592   0.1918   0.2252   0.3065    0.319   0.2907    0.303   0.2126   0.2713   0.1114   0.1102   0.0914   0.0682   0.0252    0.028   0.0486
  weight sum          25       25       25       25       25       25       25       25       25       25       25       25       25       25       25       25       25       25       25       25       25       25       25       25       25       25
  precision       0.0015   0.0015   0.0015   0.0015   0.0015   0.0015   0.0015   0.0015   0.0015   0.0015   0.0015   0.0015   0.0015   0.0015   0.0015   0.0015   0.0015   0.0015   0.0015   0.0015   0.0015   0.0015   0.0015   0.0015   0.0015   0.0015

75
  mean           -0.0961  -0.1237  -0.0758  -0.3224  -0.4107  -0.2809  -0.4164  -0.3992  -0.3771   -0.279  -0.4247  -0.2506  -0.1409   -0.096   0.2499   0.1587   0.1016   0.3728  -0.0671  -0.1801  -0.0836  -0.0818   -0.093   -0.315  -0.4476  -0.5144
  std. dev.       0.3222    0.268   0.2743   0.1706   0.1765   0.1975   0.1614   0.1953   0.2496   0.2451    0.234   0.3767   0.4923   0.5915   0.7046   0.8388   0.8975   0.7882   0.8366   0.6571   0.5403   0.4419   0.2979   0.1298   0.1478   0.1486
  weight sum          25       25       25       25       25       25       25       25       25       25       25       25       25       25       25       25       25       25       25       25       25       25       25       25       25       25
  precision       0.0029   0.0029   0.0029   0.0029   0.0029   0.0029   0.0029   0.0029   0.0029   0.0029   0.0029   0.0029   0.0029   0.0029   0.0029   0.0029   0.0029   0.0029   0.0029   0.0029   0.0029   0.0029   0.0029   0.0029   0.0029   0.0029

76
  mean           -0.0961  -0.1237  -0.0758  -0.3224  -0.4107  -0.2809  -0.4164  -0.3992  -0.3771   -0.279  -0.4247  -0.2506  -0.1409   -0.096   0.2499   0.1587   0.1016   0.3728  -0.0671  -0.1801  -0.0836  -0.0818   -0.093   -0.315  -0.4476  -0.5144
  std. dev.       0.3222    0.268   0.2743   0.1706   0.1765   0.1975   0.1614   0.1953   0.2496   0.2451    0.234   0.3767   0.4923   0.5915   0.7046   0.8388   0.8975   0.7882   0.8366   0.6571   0.5403   0.4419   0.2979   0.1298   0.1478   0.1486
  weight sum          25       25       25       25       25       25       25       25       25       25       25       25       25       25       25       25       25       25       25       25       25       25       25       25       25       25
  precision       0.0029   0.0029   0.0029   0.0029   0.0029   0.0029   0.0029   0.0029   0.0029   0.0029   0.0029   0.0029   0.0029   0.0029   0.0029   0.0029   0.0029   0.0029   0.0029   0.0029   0.0029   0.0029   0.0029   0.0029   0.0029   0.0029

77
  mean           -0.1745  -0.2809  -0.1555  -0.1639  -0.1063  -0.2665  -0.2661  -0.3996  -0.3059  -0.3735  -0.3107  -0.1618  -0.1234  -0.0716    -0.27  -0.1267   -0.031   -0.071   0.1007   0.2454    0.219    0.212   0.2396   0.3549    0.158   0.2354
  std. dev.        0.179   0.1391   0.1513   0.1828   0.2307   0.1475   0.2049   0.1273   0.1787    0.104   0.1426   0.2344    0.253   0.3221   0.3387    0.344   0.3749   0.2934   0.3294    0.131   0.1327   0.1282   0.0906   0.0699   0.1477   0.2756
  weight sum          25       25       25       25       25       25       25       25       25       25       25       25       25       25       25       25       25       25       25       25       25       25       25       25       25       25
  precision       0.0017   0.0017   0.0017   0.0017   0.0017   0.0017   0.0017   0.0017   0.0017   0.0017   0.0017   0.0017   0.0017   0.0017   0.0017   0.0017   0.0017   0.0017   0.0017   0.0017   0.0017   0.0017   0.0017   0.0017   0.0017   0.0017

78
  mean           -0.1477  -0.1558  -0.2536   0.0647   0.2073   0.1994   0.3062   0.1298   0.1821  -0.0897  -0.1686  -0.0715     0.05   0.0897  -0.0396   -0.038  -0.1046   -0.171  -0.1383  -0.1072  -0.2197  -0.2116  -0.2226   0.0089  -0.2132  -0.0185
  std. dev.       0.5047   0.5167   0.4674   0.4681   0.3891   0.3527   0.2836   0.2994   0.2879   0.2679   0.2869   0.3681   0.3207   0.2948   0.3478   0.3109   0.2005   0.3034   0.2489   0.2991   0.2066   0.2245   0.0895   0.1622   0.1894   0.2538
  weight sum          25       25       25       25       25       25       25       25       25       25       25       25       25       25       25       25       25       25       25       25       25       25       25       25       25       25
  precision        0.002    0.002    0.002    0.002    0.002    0.002    0.002    0.002    0.002    0.002    0.002    0.002    0.002    0.002    0.002    0.002    0.002    0.002    0.002    0.002    0.002    0.002    0.002    0.002    0.002    0.002

79
  mean            -0.181  -0.2055  -0.1011  -0.3896  -0.5217  -0.3446  -0.4637  -0.5698  -0.4086  -0.4057  -0.5272  -0.2899  -0.2407   -0.197   0.2405   0.1602   0.0954   0.3474  -0.0885  -0.1976  -0.1133  -0.0988   -0.116  -0.3857  -0.4672  -0.5433
  std. dev.       0.3364   0.3161   0.3035   0.2022   0.1659   0.2401    0.176   0.2353   0.2874   0.3159   0.2182   0.3754    0.445   0.5247    0.713   0.8395   0.8924   0.7728   0.8179   0.6401   0.5193   0.4468   0.2827   0.1328   0.1471   0.2166
  weight sum          25       25       25       25       25       25       25       25       25       25       25       25       25       25       25       25       25       25       25       25       25       25       25       25       25       25
  precision       0.0029   0.0029   0.0029   0.0029   0.0029   0.0029   0.0029   0.0029   0.0029   0.0029   0.0029   0.0029   0.0029   0.0029   0.0029   0.0029   0.0029   0.0029   0.0029   0.0029   0.0029   0.0029   0.0029   0.0029   0.0029   0.0029

80
  mean            -0.379  -0.4038  -0.2561  -0.4467  -0.4296  -0.4464  -0.4512  -0.5013  -0.4677  -0.4503  -0.4161  -0.3909  -0.3898  -0.3164  -0.4161  -0.3451  -0.2458  -0.2462  -0.1456   0.0231   0.1036   0.0852   0.1553   0.1778   0.0756  -0.0256
  std. dev.       0.1129   0.0832   0.1798   0.1095   0.1043   0.0591   0.0586   0.0509   0.0425   0.0367   0.0891   0.1029    0.092   0.1002   0.1305   0.1357    0.157   0.0834   0.1204   0.0941   0.0312   0.0707   0.0519   0.0747   0.1478    0.189
  weight sum          25       25       25       25       25       25       25       25       25       25       25       25       25       25       25       25       25       25       25       25       25       25       25       25       25       25
  precision       0.0016   0.0016   0.0016   0.0016   0.0016   0.0016   0.0016   0.0016   0.0016   0.0016   0.0016   0.0016   0.0016   0.0016   0.0016   0.0016   0.0016   0.0016   0.0016   0.0016   0.0016   0.0016   0.0016   0.0016   0.0016   0.0016

81
  mean           -0.5078  -0.4463  -0.5468  -0.3214  -0.2312  -0.2732  -0.2341  -0.2108  -0.2645  -0.2652  -0.2649   -0.265  -0.2473  -0.1995  -0.2191  -0.1326  -0.1688   -0.197   -0.145  -0.1575  -0.2376  -0.2543  -0.2405  -0.0861  -0.2722  -0.1493
  std. dev.       0.2452   0.2949   0.1481   0.2738   0.3309   0.2773   0.2433   0.1416   0.0878    0.099   0.1768   0.2449   0.2742   0.3674   0.3828    0.359   0.2296   0.3021   0.2434   0.2886    0.198    0.167   0.0818   0.0878   0.0961   0.1199
  weight sum          25       25       25       25       25       25       25       25       25       25       25       25       25       25       25       25       25       25       25       25       25       25       25       25       25       25
  precision       0.0017   0.0017   0.0017   0.0017   0.0017   0.0017   0.0017   0.0017   0.0017   0.0017   0.0017   0.0017   0.0017   0.0017   0.0017   0.0017   0.0017   0.0017   0.0017   0.0017   0.0017   0.0017   0.0017   0.0017   0.0017   0.0017

82
  mean            -0.379  -0.4038  -0.2561  -0.4467  -0.4296  -0.4464  -0.4512  -0.5013  -0.4677  -0.4503  -0.4161  -0.3909  -0.3898  -0.3164  -0.4161  -0.3451  -0.2458  -0.2462  -0.1456   0.0231   0.1036   0.0852   0.1553   0.1778   0.0756  -0.0256
  std. dev.       0.1129   0.0832   0.1798   0.1095   0.1043   0.0591   0.0586   0.0509   0.0425   0.0367   0.0891   0.1029    0.092   0.1002   0.1305   0.1357    0.157   0.0834   0.1204   0.0941   0.0312   0.0707   0.0519   0.0747   0.1478    0.189
  weight sum          25       25       25       25       25       25       25       25       25       25       25       25       25       25       25       25       25       25       25       25       25       25       25       25       25       25
  precision       0.0016   0.0016   0.0016   0.0016   0.0016   0.0016   0.0016   0.0016   0.0016   0.0016   0.0016   0.0016   0.0016   0.0016   0.0016   0.0016   0.0016   0.0016   0.0016   0.0016   0.0016   0.0016   0.0016   0.0016   0.0016   0.0016

83
  mean            0.0226  -0.1289    0.016  -0.0835  -0.0299  -0.2056  -0.0985  -0.1875   -0.063  -0.1006  -0.0325  -0.0501    0.034   0.1273   0.2506   0.3046   0.4512   0.4536   0.4834   0.4468   0.4109    0.372   0.3328   0.4125   0.3596   0.4955
  std. dev.       0.0794   0.0579   0.3078   0.1257   0.1632   0.1191   0.1152   0.0572   0.0613   0.0998     0.16   0.1805   0.2058   0.1948   0.0744   0.0445   0.0477   0.0599   0.0454   0.0455   0.0244   0.0231   0.0266   0.0304   0.0468   0.0556
  weight sum          25       25       25       25       25       25       25       25       25       25       25       25       25       25       25       25       25       25       25       25       25       25       25       25       25       25
  precision       0.0014   0.0014   0.0014   0.0014   0.0014   0.0014   0.0014   0.0014   0.0014   0.0014   0.0014   0.0014   0.0014   0.0014   0.0014   0.0014   0.0014   0.0014   0.0014   0.0014   0.0014   0.0014   0.0014   0.0014   0.0014   0.0014

84
  mean              0.39   0.4062   0.3569   0.4381    0.426   0.4084   0.4329    0.435   0.3889      0.4   0.3973   0.3059   0.2829   0.2927   0.1354   0.0439    0.048   0.0408   0.2052   0.3232   0.3459    0.364   0.3864   0.4564     0.38   0.4582
  std. dev.       0.0552   0.0471    0.185   0.0551   0.0257   0.0256   0.0359   0.0385   0.0306    0.046   0.0276   0.0802   0.0528   0.0653   0.1986   0.2585   0.2228   0.2517    0.235   0.1311   0.0426   0.1112   0.0591   0.0666   0.1354   0.1117
  weight sum          25       25       25       25       25       25       25       25       25       25       25       25       25       25       25       25       25       25       25       25       25       25       25       25       25       25
  precision       0.0013   0.0013   0.0013   0.0013   0.0013   0.0013   0.0013   0.0013   0.0013   0.0013   0.0013   0.0013   0.0013   0.0013   0.0013   0.0013   0.0013   0.0013   0.0013   0.0013   0.0013   0.0013   0.0013   0.0013   0.0013   0.0013

85
  mean            0.0226  -0.1289    0.016  -0.0835  -0.0299  -0.2056  -0.0985  -0.1875   -0.063  -0.1006  -0.0325  -0.0501    0.034   0.1273   0.2506   0.3046   0.4512   0.4536   0.4834   0.4468   0.4109    0.372   0.3328   0.4125   0.3596   0.4955
  std. dev.       0.0794   0.0579   0.3078   0.1257   0.1632   0.1191   0.1152   0.0572   0.0613   0.0998     0.16   0.1805   0.2058   0.1948   0.0744   0.0445   0.0477   0.0599   0.0454   0.0455   0.0244   0.0231   0.0266   0.0304   0.0468   0.0556
  weight sum          25       25       25       25       25       25       25       25       25       25       25       25       25       25       25       25       25       25       25       25       25       25       25       25       25       25
  precision       0.0014   0.0014   0.0014   0.0014   0.0014   0.0014   0.0014   0.0014   0.0014   0.0014   0.0014   0.0014   0.0014   0.0014   0.0014   0.0014   0.0014   0.0014   0.0014   0.0014   0.0014   0.0014   0.0014   0.0014   0.0014   0.0014



Time taken to build model: 0.01 seconds

=== Evaluation on test set ===
=== Summary ===

Correctly Classified Instances         592               92.0684 %
Incorrectly Classified Instances        51                7.9316 %
Kappa statistic                          0.9175
Mean absolute error                      0.0062
Root mean squared error                  0.0764
Relative absolute error                  8.3228 %
Root relative squared error             39.7393 %
Total Number of Instances              643     

=== Detailed Accuracy By Class ===

               TP Rate   FP Rate   Precision   Recall  F-Measure   ROC Area  Class
                 0.96      0          1         0.96      0.98       1        1
                 0.88      0.003      0.917     0.88      0.898      0.997    2
                 0.96      0.006      0.857     0.96      0.906      0.997    3
                 0.96      0.003      0.923     0.96      0.941      0.997    4
                 0.84      0          1         0.84      0.913      0.999    5
                 0.84      0.01       0.778     0.84      0.808      0.996    6
                 0.8       0.008      0.8       0.8       0.8        0.996    7
                 0.92      0.002      0.958     0.92      0.939      0.999    8
                 1         0          1         1         1          1        9
                 1         0.002      0.96      1         0.98       1        10
                 0.96      0.002      0.96      0.96      0.96       0.998    11
                 0.96      0.002      0.96      0.96      0.96       0.999    12
                 0.8       0.006      0.833     0.8       0.816      0.992    13
                 0.84      0.01       0.778     0.84      0.808      0.995    14
                 0.875     0.002      0.955     0.875     0.913      0.997    15
                 0.917     0.003      0.917     0.917     0.917      0.998    16
                 0.96      0.002      0.96      0.96      0.96       0.999    17
                 0.96      0.006      0.857     0.96      0.906      0.998    18
                 0.88      0.003      0.917     0.88      0.898      0.998    19
                 0.958     0          1         0.958     0.979      1        20
                 0.92      0.008      0.821     0.92      0.868      0.996    21
                 0.75      0.003      0.9       0.75      0.818      0.991    22
                 1         0.002      0.962     1         0.98       0.999    23
                 1         0          1         1         1          1        24
                 1         0          1         1         1          1        25
                 1         0          1         1         1          1        26
Weighted Avg.    0.921     0.003      0.923     0.921     0.921      0.998

=== Confusion Matrix ===

  a  b  c  d  e  f  g  h  i  j  k  l  m  n  o  p  q  r  s  t  u  v  w  x  y  z   <-- classified as
 24  1  0  0  0  0  0  0  0  0  0  0  0  0  0  0  0  0  0  0  0  0  0  0  0  0 |  a = 1
  0 22  3  0  0  0  0  0  0  0  0  0  0  0  0  0  0  0  0  0  0  0  0  0  0  0 |  b = 2
  0  1 24  0  0  0  0  0  0  0  0  0  0  0  0  0  0  0  0  0  0  0  0  0  0  0 |  c = 3
  0  0  1 24  0  0  0  0  0  0  0  0  0  0  0  0  0  0  0  0  0  0  0  0  0  0 |  d = 4
  0  0  0  2 21  2  0  0  0  0  0  0  0  0  0  0  0  0  0  0  0  0  0  0  0  0 |  e = 5
  0  0  0  0  0 21  4  0  0  0  0  0  0  0  0  0  0  0  0  0  0  0  0  0  0  0 |  f = 6
  0  0  0  0  0  4 20  1  0  0  0  0  0  0  0  0  0  0  0  0  0  0  0  0  0  0 |  g = 7
  0  0  0  0  0  0  1 23  0  1  0  0  0  0  0  0  0  0  0  0  0  0  0  0  0  0 |  h = 8
  0  0  0  0  0  0  0  0 25  0  0  0  0  0  0  0  0  0  0  0  0  0  0  0  0  0 |  i = 9
  0  0  0  0  0  0  0  0  0 24  0  0  0  0  0  0  0  0  0  0  0  0  0  0  0  0 |  j = 10
  0  0  0  0  0  0  0  0  0  0 24  1  0  0  0  0  0  0  0  0  0  0  0  0  0  0 |  k = 11
  0  0  0  0  0  0  0  0  0  0  1 24  0  0  0  0  0  0  0  0  0  0  0  0  0  0 |  l = 12
  0  0  0  0  0  0  0  0  0  0  0  0 20  5  0  0  0  0  0  0  0  0  0  0  0  0 |  m = 13
  0  0  0  0  0  0  0  0  0  0  0  0  4 21  0  0  0  0  0  0  0  0  0  0  0  0 |  n = 14
  0  0  0  0  0  0  0  0  0  0  0  0  0  1 21  2  0  0  0  0  0  0  0  0  0  0 |  o = 15
  0  0  0  0  0  0  0  0  0  0  0  0  0  0  1 22  1  0  0  0  0  0  0  0  0  0 |  p = 16
  0  0  0  0  0  0  0  0  0  0  0  0  0  0  0  0 24  1  0  0  0  0  0  0  0  0 |  q = 17
  0  0  0  0  0  0  0  0  0  0  0  0  0  0  0  0  0 24  1  0  0  0  0  0  0  0 |  r = 18
  0  0  0  0  0  0  0  0  0  0  0  0  0  0  0  0  0  3 22  0  0  0  0  0  0  0 |  s = 19
  0  0  0  0  0  0  0  0  0  0  0  0  0  0  0  0  0  0  1 23  0  0  0  0  0  0 |  t = 20
  0  0  0  0  0  0  0  0  0  0  0  0  0  0  0  0  0  0  0  0 23  2  0  0  0  0 |  u = 21
  0  0  0  0  0  0  0  0  0  0  0  0  0  0  0  0  0  0  0  0  5 18  1  0  0  0 |  v = 22
  0  0  0  0  0  0  0  0  0  0  0  0  0  0  0  0  0  0  0  0  0  0 25  0  0  0 |  w = 23
  0  0  0  0  0  0  0  0  0  0  0  0  0  0  0  0  0  0  0  0  0  0  0 25  0  0 |  x = 24
  0  0  0  0  0  0  0  0  0  0  0  0  0  0  0  0  0  0  0  0  0  0  0  0 23  0 |  y = 25
  0  0  0  0  0  0  0  0  0  0  0  0  0  0  0  0  0  0  0  0  0  0  0  0  0 25 |  z = 26


